Cross sections (nm^2)
    expansion   scattering   extinction   absorption
        local       191950       227233      35283.7
       global       191950       227234      35283.8
      rotated       191950       227234      35283.8

Intensity at y = 0, local expansion (rows: x, columns: z)
   0.492519   0.461788   0.451871   0.451982   0.460042   0.485888   0.523742
   0.386665    0.37545   0.396188   0.389244   0.352223    0.34476   0.384914
   0.398542   0.567635    1.36139    1.65666   0.548466   0.356186   0.363744
   0.498961   0.886037    1.57047    2.29615        nan        nan   0.556188
   0.611584     1.5044        nan        nan    1.88694   0.986848   0.575312
   0.652524    1.30309        nan        nan    1.47173   0.779578   0.539411
    0.64797   0.909768    1.09706    1.09561   0.981412   0.735045   0.547142

Intensity at y = 0, global expansion (rows: x, columns: z)
   0.492517   0.461037   0.451883   0.449963   0.455679   0.486385   0.524034
   0.387159   0.372718        nan        nan        nan   0.350069    0.38486
   0.398657        nan        nan        nan        nan        nan   0.365329
   0.492758        nan        nan        nan        nan        nan   0.542634
   0.610437        nan        nan        nan        nan        nan   0.578162
   0.655731    1.30454        nan        nan        nan   0.764384   0.539154
    0.64818   0.905497    1.09644    1.09049   0.982361   0.735165   0.546885

Intensity at y = 0, rotated expansion (rows: x, columns: z)
    0.64818   0.655731   0.610437   0.492758   0.398657   0.387159   0.492517
   0.905497    1.30454        nan        nan        nan   0.372718   0.461037
    1.09644        nan        nan        nan        nan        nan   0.451883
    1.09049        nan        nan        nan        nan        nan   0.449963
   0.982361        nan        nan        nan        nan        nan   0.455679
   0.735165   0.764384        nan        nan        nan   0.350069   0.486385
   0.546885   0.539154   0.578162   0.542634   0.365329    0.38486   0.524034
