Efficiencies (cross section / geometric cross section)
  frequency/THz     extinction     scattering       ext. l=1       sca. l=1
        428.275        1.33296       0.987177        1.33118       0.986812
        542.482        3.51292        3.10639        3.50198        3.10339
        656.688        5.39143         4.3844        5.15451        4.32194
        770.895        1.02102        0.60478       0.766772       0.467907
        885.102        3.04969        1.59416        1.23458        1.02832
        999.308        3.23746        2.55864        3.02429        2.47346

Intensity at y = 0 (rows: x, columns: z)
   0.532304   0.332909   0.305677   0.437686   0.456637   0.408559   0.393593
   0.394684   0.209014        nan        nan        nan   0.684083   0.539167
   0.256366        nan        nan        nan        nan        nan   0.594802
   0.190624        nan        nan        nan        nan        nan    0.54269
   0.256366        nan        nan        nan        nan        nan   0.594802
   0.394684   0.209014        nan        nan        nan   0.684083   0.539167
   0.532304   0.332909   0.305677   0.437686   0.456637   0.408559   0.393593
