Bloch wavenumbers kz az / pi with |Im| < 0.1
    k0/(2 pi)           Re           Im
       0.0001   -0.0463046 -3.44198e-05
       0.0001   -0.0461419 -3.72028e-05
       0.0001    0.0461419  3.72028e-05
       0.0001    0.0463046  3.44198e-05
  0.000651429    -0.302842 -0.000268014
  0.000651429      -0.3016 -0.000283914
  0.000651429       0.3016  0.000283914
  0.000651429     0.302842  0.000268014
   0.00120286     -0.56635 -0.000811572
   0.00120286    -0.562797 -0.000808936
   0.00120286     0.562797  0.000808936
   0.00120286      0.56635  0.000811572
   0.00175429    -0.855806  -0.00313047
   0.00175429    -0.843723  -0.00273337
   0.00175429    -0.348999   -0.0068234
   0.00175429   -0.0280163   -0.0941962
   0.00175429    0.0280163    0.0941962
   0.00175429     0.348999    0.0068234
   0.00175429     0.843723   0.00273337
   0.00175429     0.855806   0.00313047
   0.00230571     -0.86705  -0.00732377
   0.00230571    -0.838782  -0.00779511
   0.00230571    -0.817621   -0.0128551
   0.00230571    -0.801108    0.0120328
   0.00230571    -0.781632   -0.0110793
   0.00230571    -0.742894    0.0187004
   0.00230571    -0.629712  -0.00815674
   0.00230571    -0.627992  -0.00123334
   0.00230571    -0.612331  -0.00392768
   0.00230571    -0.563723  -0.00133275
   0.00230571     0.563723   0.00133275
   0.00230571     0.612331   0.00392768
   0.00230571     0.627992   0.00123334
   0.00230571     0.629712   0.00815674
   0.00230571     0.742894   -0.0187004
   0.00230571     0.781632    0.0110793
   0.00230571     0.801108   -0.0120328
   0.00230571     0.817621    0.0128551
   0.00230571     0.838782   0.00779511
   0.00230571      0.86705   0.00732377
   0.00285714    -0.998195    0.0528495
   0.00285714    -0.997536    0.0433105
   0.00285714    -0.995829   -0.0524251
   0.00285714     -0.99351   -0.0287446
   0.00285714     -0.86054   0.00796757
   0.00285714    -0.830748   0.00342023
   0.00285714    -0.817856   0.00309955
   0.00285714    -0.658499  -0.00536573
   0.00285714    -0.637574  -0.00510091
   0.00285714    -0.606323  -0.00513062
   0.00285714    -0.587249  -0.00357882
   0.00285714    -0.541919    -0.010382
   0.00285714    -0.500106   -0.0243015
   0.00285714    -0.464966   -0.0095632
   0.00285714    -0.433045    0.0399034
   0.00285714    -0.320497    0.0269757
   0.00285714     0.320497   -0.0269757
   0.00285714     0.433045   -0.0399034
   0.00285714     0.464966    0.0095632
   0.00285714     0.500106    0.0243015
   0.00285714     0.541919     0.010382
   0.00285714     0.587249   0.00357882
   0.00285714     0.606323   0.00513062
   0.00285714     0.637574   0.00510091
   0.00285714     0.658499   0.00536573
   0.00285714     0.817856  -0.00309955
   0.00285714     0.830748  -0.00342023
   0.00285714      0.86054  -0.00796757
   0.00285714      0.99351    0.0287446
   0.00285714     0.995829    0.0524251
   0.00285714     0.997536   -0.0433105
   0.00285714     0.998195   -0.0528495
