Efficiencies (cross width / diameter)
  frequency/THz     extinction     scattering       ext. m=0       sca. m=0
        49.9654       0.129913      0.0888491       0.128959      0.0883775
        239.834        2.55707         2.4827        2.47201        2.41391
        429.703        3.37011        3.14936         1.8746        1.79484
        619.571        1.65808        1.10053        0.46281       0.300058
         809.44        1.48166       0.903129       0.680195       0.598727
        999.308        2.68786        2.33452        1.02044       0.971437

Intensity at z = 0 (rows: x, columns: y)
   0.900581   0.792748   0.609413   0.494534   0.609413   0.792748   0.900581
    0.57268   0.486247        nan        nan        nan   0.486247    0.57268
   0.302176        nan        nan        nan        nan        nan   0.302176
   0.316976        nan        nan        nan        nan        nan   0.316976
   0.418043        nan        nan        nan        nan        nan   0.418043
   0.287753   0.250069        nan        nan        nan   0.250069   0.287753
   0.174415    0.15122   0.177147   0.200564   0.177147    0.15122   0.174415
