# Upper incomplete gamma near the zero Gamma(2, -1): `n re(z) im(z): re im`.
# Generated with mpmath 1.3.0 at 40 digits from mp.gammainc at exact binary64
# inputs, conjugated on the lower side. Degrees 1, 2 and 3 test the ladder and
# the recurrence on both sides of the zero, with real and complex perturbations.
# Degree-two cases also cover subnormal offsets and extreme finite seed values.
1.0 -1.001 0.0: 2.7210014698815783 0.0
1.0 -1.001 -0.0: 2.7210014698815783 0.0
1.0 -1.001 1e-09: 2.7210014698815783 -2.7210014698815785e-09
1.0 -1.001 -1e-09: 2.7210014698815783 2.7210014698815785e-09
1.0 -1.000000001 0.0: 2.718281831177327 0.0
1.0 -1.000000001 -0.0: 2.718281831177327 0.0
1.0 -1.000000001 1e-09: 2.718281831177327 -2.7182818311773273e-09
1.0 -1.000000001 -1e-09: 2.718281831177327 2.7182818311773273e-09
1.0 -1.0000000000000002 0.0: 2.718281828459046 0.0
1.0 -1.0000000000000002 -0.0: 2.718281828459046 0.0
1.0 -1.0000000000000002 1e-09: 2.718281828459046 -2.718281828459046e-09
1.0 -1.0000000000000002 -1e-09: 2.718281828459046 2.718281828459046e-09
1.0 -1.0 0.0: 2.718281828459045 0.0
1.0 -1.0 -0.0: 2.718281828459045 0.0
1.0 -1.0 1e-09: 2.718281828459045 -2.7182818284590456e-09
1.0 -1.0 -1e-09: 2.718281828459045 2.7182818284590456e-09
1.0 -0.9999999999999998 0.0: 2.7182818284590446 0.0
1.0 -0.9999999999999998 -0.0: 2.7182818284590446 0.0
1.0 -0.9999999999999998 1e-09: 2.7182818284590446 -2.7182818284590448e-09
1.0 -0.9999999999999998 -1e-09: 2.7182818284590446 2.7182818284590448e-09
1.0 -0.999999999 0.0: 2.7182818257407635 0.0
1.0 -0.999999999 -0.0: 2.7182818257407635 0.0
1.0 -0.999999999 1e-09: 2.7182818257407635 -2.718281825740764e-09
1.0 -0.999999999 -1e-09: 2.7182818257407635 2.718281825740764e-09
1.0 -0.9990444624841922 0.0: 2.715685648764499 0.0
1.0 -0.9990444624841922 -0.0: 2.715685648764499 0.0
1.0 -0.9990444624841922 1e-09: 2.715685648764499 -2.7156856487644995e-09
1.0 -0.9990444624841922 -1e-09: 2.715685648764499 2.7156856487644995e-09
2.0 -1.001 0.0: -0.0027210014698812787 0.0
2.0 -1.001 -0.0: -0.0027210014698812787 0.0
2.0 -1.001 1e-09: -0.002721001469881276 2.72372247135146e-09
2.0 -1.001 -1e-09: -0.002721001469881276 -2.72372247135146e-09
2.0 -1.000000001 0.0: -2.7182820560889746e-09 0.0
2.0 -1.000000001 -0.0: -2.7182820560889746e-09 0.0
2.0 -1.000000001 1e-09: -2.718282053370693e-09 2.7182818338956095e-09
2.0 -1.000000001 -1e-09: -2.718282053370693e-09 -2.7182818338956095e-09
2.0 -1.0000000000000002 0.0: -6.035798146750806e-16 0.0
2.0 -1.0000000000000002 -0.0: -6.035798146750806e-16 0.0
2.0 -1.0000000000000002 1e-09: -6.008615328466215e-16 2.7182818284590464e-09
2.0 -1.0000000000000002 -1e-09: -6.008615328466215e-16 -2.7182818284590464e-09
2.0 -1.0 0.0: 0.0 0.0
2.0 -1.0 -0.0: 0.0 0.0
2.0 -1.0 1e-09: 2.7182818284590457e-18 2.7182818284590456e-09
2.0 -1.0 -1e-09: 2.7182818284590457e-18 -2.7182818284590456e-09
2.0 -0.9999999999999998 0.0: 6.035798146750803e-16 0.0
2.0 -0.9999999999999998 -0.0: 6.035798146750803e-16 0.0
2.0 -0.9999999999999998 1e-09: 6.062980965035394e-16 2.7182818284590443e-09
2.0 -0.9999999999999998 -1e-09: 6.062980965035394e-16 -2.7182818284590443e-09
2.0 -0.999999999 0.0: 2.7182817488625034e-09 0.0
2.0 -0.999999999 -0.0: 2.7182817488625034e-09 0.0
2.0 -0.999999999 1e-09: 2.718281751580785e-09 2.718281823022482e-09
2.0 -0.999999999 -1e-09: 2.718281751580785e-09 -2.718281823022482e-09
2.0 -0.9990444624841922 0.0: 0.0025949395185353007 0.0
2.0 -0.9990444624841922 -0.0: 0.0025949395185353007 0.0
2.0 -0.9990444624841922 1e-09: 0.0025949395185353033 2.713090709245964e-09
2.0 -0.9990444624841922 -1e-09: 0.0025949395185353033 -2.713090709245964e-09
3.0 -1.001 0.0: 2.7210041908830482 0.0
3.0 -1.001 -0.0: 2.7210041908830482 0.0
3.0 -1.001 1e-09: 2.7210041908830482 -2.726446193822811e-09
3.0 -1.001 -1e-09: 2.7210041908830482 2.726446193822811e-09
3.0 -1.000000001 0.0: 2.718281831177327 0.0
3.0 -1.000000001 -0.0: 2.718281831177327 0.0
3.0 -1.000000001 1e-09: 2.718281831177327 -2.7182818366138917e-09
3.0 -1.000000001 -1e-09: 2.718281831177327 2.7182818366138917e-09
3.0 -1.0000000000000002 0.0: 2.718281828459046 0.0
3.0 -1.0000000000000002 -0.0: 2.718281828459046 0.0
3.0 -1.0000000000000002 1e-09: 2.718281828459046 -2.7182818284590472e-09
3.0 -1.0000000000000002 -1e-09: 2.718281828459046 2.7182818284590472e-09
3.0 -1.0 0.0: 2.718281828459045 0.0
3.0 -1.0 -0.0: 2.718281828459045 0.0
3.0 -1.0 1e-09: 2.718281828459045 -2.7182818284590456e-09
3.0 -1.0 -1e-09: 2.718281828459045 2.7182818284590456e-09
3.0 -0.9999999999999998 0.0: 2.7182818284590446 0.0
3.0 -0.9999999999999998 -0.0: 2.7182818284590446 0.0
3.0 -0.9999999999999998 1e-09: 2.7182818284590446 -2.7182818284590435e-09
3.0 -0.9999999999999998 -1e-09: 2.7182818284590446 2.7182818284590435e-09
3.0 -0.999999999 0.0: 2.7182818257407635 0.0
3.0 -0.999999999 -0.0: 2.7182818257407635 0.0
3.0 -0.999999999 1e-09: 2.7182818257407635 -2.7182818203042003e-09
3.0 -0.999999999 -1e-09: 2.7182818257407635 2.7182818203042003e-09
3.0 -0.9990444624841922 0.0: 2.7156881283265606 0.0
3.0 -0.9990444624841922 -0.0: 2.7156881283265606 0.0
3.0 -0.9990444624841922 1e-09: 2.7156881283265606 -2.71049824928949e-09
3.0 -0.9990444624841922 -1e-09: 2.7156881283265606 2.71049824928949e-09
2.0 -1.0 1e-289: 0.0 2.7182818284590452e-289
2.0 -1.0 -1e-289: 0.0 -2.7182818284590452e-289
2.0 -1.0 1e-291: 0.0 2.718281828459045e-291
2.0 -1.0 -1e-291: 0.0 -2.718281828459045e-291
2.0 -1.0 1e-300: 0.0 2.7182818284590454e-300
2.0 -1.0 -1e-300: 0.0 -2.7182818284590454e-300
2.0 -1.0 1e-310: 0.0 2.71828182845906e-310
2.0 -1.0 -1e-310: 0.0 -2.71828182845906e-310
2.0 -1.0 5e-324: 0.0 1.5e-323
2.0 -1.0 -5e-324: 0.0 -1.5e-323
2.0 -700.0 0.0: -7.089482062597681e+306 0.0
2.0 -700.0 1.0: -3.8219290373731266e+306 5.971073372170576e+306
2.0 700.0 0.0: 6.911633257175599e-302 0.0
2.0 700.0 1.0: 3.742668017898062e-302 -5.810611637574854e-302
