# Upper incomplete gamma Gamma(n, z): `n re(z) im(z): re im`, a signed zero im(z)
# selects the side of the negative real axis. Generated with mpmath 1.3.0 at 40
# digits: mp.gammainc(n, z) on the upper side, conjugated for im(z) = -0.0.
# degrees [-8, -7.5, -6.5, -5, -4.5, -3, -2.5, -1.5, -1, -0.5, 0, 0.5, 1, 1.5, 3, 4.5, 7.5, 8]
# re(z) [-60, -36, -20, -9, -3, -0.5, 0, 1, 4, 4.5, 12, 36, 60]; im(z) [0.0, 1e-06, 0.4, 3, 10, 20] and -0.0 for re(z) < 0
-8 -60.0 0.0: -13380416175.849178 -7.791648446403257e-05
-8 -60.0 1e-06: -13380416175.844362 11332.028491069384
-8 -60.0 0.4: -12617308019.62695 4445690625.16303
-8 -60.0 3: 10910888627.348331 7471819238.136416
-8 -60.0 10: 6928359170.313277 9505444704.474833
-8 -60.0 20: 1850000586.4809024 -7949102295.455899
-8 -60.0 -0.0: -13380416175.849178 7.791648446403257e-05
-8 -36.0 0.0: -57.39553843411755 -7.791648446403257e-05
-8 -36.0 1e-06: -57.39553843410163 -3.546637234759515e-05
-8 -36.0 0.4: -54.8682603933642 16.72334642511117
-8 -36.0 3: 33.56450845900168 44.14065477531265
-8 -36.0 10: -14.91563695731906 36.86338711598024
-8 -36.0 20: 14.24737694434822 6.200290934769653
-8 -36.0 -0.0: -57.39553843411755 7.791648446403257e-05
-8 -20.0 0.0: -0.0019361442225552788 -7.791648446403257e-05
-8 -20.0 1e-06: -0.0019361442225550181 -7.791553687576028e-05
-8 -20.0 0.4: -0.001894653293968603 0.00029784428520520235
-8 -20.0 3: -0.00015835027785157673 0.0016045771741422727
-8 -20.0 10: -0.0003718576323868761 -0.0003626521739695581
-8 -20.0 20: -5.120956065631806e-05 3.53806723699565e-06
-8 -20.0 -0.0: -0.0019361442225552788 7.791648446403257e-05
-8 -9.0 0.0: -1.4013180843500759e-05 -7.791648446403257e-05
-8 -9.0 1e-06: -1.4013180843500759e-05 -7.79164635485566e-05
-8 -9.0 0.4: -1.4012633666235957e-05 -6.95750022832219e-05
-8 -9.0 3: -1.2792061211829158e-05 -2.402867446501557e-05
-8 -9.0 10: 1.1479770542537805e-07 6.917787328966515e-07
-8 -9.0 20: 7.294609104967743e-09 1.3068174387224438e-09
-8 -9.0 -0.0: -1.4013180843500759e-05 7.791648446403257e-05
-8 -3.0 0.0: 0.0007266980967974078 -7.791648446403257e-05
-8 -3.0 1e-06: 0.0007266980967963873 -7.791546401303815e-05
-8 -3.0 0.4: 0.0005783821681696562 0.0002798687435099256
-8 -3.0 3: -2.7045215431823022e-05 1.456765336778045e-05
-8 -3.0 10: 7.869930053737581e-09 -8.898839451746415e-09
-8 -3.0 20: -2.98508422004026e-11 1.5953352362781842e-11
-8 -3.0 -0.0: 0.0007266980967974078 7.791648446403257e-05
-8 -0.5 0.0: 56.87784664684448 -7.791648446403257e-05
-8 -0.5 1e-06: 56.87784663966925 0.0007662288060887085
-8 -0.5 0.4: 1.729059286547945 -7.646789478195673
-8 -0.5 3: 6.633212936114106e-07 2.699799166539378e-05
-8 -0.5 10: 3.8437885299241997e-10 1.1726955274633099e-09
-8 -0.5 20: -2.3965135470115357e-12 -1.6709158755938294e-12
-8 -0.5 -0.0: 56.87784664684448 7.791648446403257e-05
-8 0.0 1e-06: 1.249999999999167e+47 -1.4285714285710957e+41
-8 0.0 0.4: 170.79244780060907 -83.98081662632481
-8 0.0 3: -1.6776402460921645e-05 4.201122328668261e-06
-8 0.0 10: -8.332484101957008e-11 7.349019325959668e-10
-8 0.0 20: -1.189332896234668e-12 -1.2993742816705139e-12
-8 1.0 0.0: 0.040333494888694706 0.0
-8 1.0 1e-06: 0.04033349488685531 -3.6787944116475915e-07
-8 1.0 0.4: -0.020889688651415887 0.007643504405534371
-8 1.0 3: 2.710753756466125e-06 -2.6056986849168706e-06
-8 1.0 10: -2.056499310039211e-10 1.4201389704578494e-10
-8 1.0 20: -1.8686227584734513e-13 -6.018521353230227e-13
-8 4.0 0.0: 2.2645392905719765e-08 0.0
-8 4.0 1e-06: 2.264539290560623e-08 -6.986861758689964e-14
-8 4.0 0.4: 7.238885759685093e-09 -2.050767359051431e-08
-8 4.0 3: -1.8966896339367736e-09 -3.1424541128595795e-09
-8 4.0 10: 1.3091641955969124e-12 -6.077181591706953e-12
-8 4.0 20: 2.1331932113828512e-14 -1.3961462098336516e-14
-8 4.5 0.0: 5.134576948792927e-09 0.0
-8 4.5 1e-06: 5.134576948770905e-09 -1.468122205475588e-14
-8 4.5 0.4: 2.068218525562327e-09 -4.5220373061239235e-09
-8 4.5 3: -1.0110624914434357e-10 -1.1385957722178385e-09
-8 4.5 10: 1.7233446964379804e-12 -2.684193895843973e-12
-8 4.5 20: 1.3688386850465488e-14 -5.3197946873962395e-15
-8 12.0 0.0: 6.93873120430415e-16 0.0
-8 12.0 1e-06: 6.93873120429373e-16 -1.1907895170272955e-21
-8 12.0 0.4: 5.342645119215888e-16 -4.3768630831843125e-16
-8 12.0 3: 2.0701129281102015e-16 4.969613278261723e-16
-8 12.0 10: -7.17677909639855e-17 2.2720396864022173e-17
-8 12.0 20: -1.7879444495875655e-18 1.6321748627847473e-18
-8 36.0 0.0: 1.8349938765143916e-30 0.0
-8 36.0 1e-06: 1.8349938765129644e-30 -2.283895057001642e-36
-8 36.0 0.4: 1.6113855552878473e-30 -8.75809813687653e-31
-8 36.0 3: -1.479111763888415e-30 9.917790792716104e-31
-8 36.0 10: 1.3087188946624014e-30 2.3599389365775484e-31
-8 36.0 20: 4.525550314042305e-31 3.4767470103557548e-31
-8 60.0 0.0: 7.569613193691107e-43 0.0
-8 60.0 1e-06: 7.56961319368611e-43 -8.689000702833848e-49
-8 60.0 0.4: 6.784300743473544e-43 -3.3541008614356517e-43
-8 60.0 3: -7.149095364374683e-43 2.22467094691685e-43
-8 60.0 10: 3.040509999749651e-43 5.984926582062143e-43
-8 60.0 20: -3.089619022007847e-43 3.631764899399885e-43
-7.5 -60.0 0.0: 0.00022384932885968948 -102610030928.71002
-7.5 -60.0 1e-06: -87777.51562900834 -102610030928.67235
-7.5 -60.0 0.4: -34423124417.65434 -96642171998.11945
-7.5 -60.0 3: -55176105149.537575 85166814120.0871
-7.5 -60.0 10: -68644204810.091774 59525222694.49273
-7.5 -60.0 20: 64216623638.320595 4135437075.9887257
-7.5 -60.0 -0.0: 0.00022384932885968948 102610030928.71002
-7.5 -36.0 0.0: 0.00022384932885968948 -337.6641509033714
-7.5 -36.0 1e-06: -3.085134383893417e-05 -337.66415090327416
-7.5 -36.0 0.4: -100.28475836569508 -322.22377944730124
-7.5 -36.0 3: -251.27001402399114 209.10736781364315
-7.5 -36.0 10: -232.04436465198248 -57.333527948791044
-7.5 -36.0 20: -14.480075276822596 97.46161325979665
-7.5 -36.0 -0.0: 0.00022384932885968948 337.6641509033714
-7.5 -20.0 0.0: 0.00022384932885968948 -0.008154417869988821
-7.5 -20.0 1e-06: 0.0002238450911161065 -0.008154417869987603
-7.5 -20.0 0.4: -0.0014553959556967188 -0.00796049467913795
-7.5 -20.0 3: -0.006930986997675563 -3.1326215428702373e-06
-7.5 -20.0 10: 0.001183755991058467 -0.0020904392705099572
-7.5 -20.0 20: -0.00012518171494762032 -0.00023972836832596595
-7.5 -20.0 -0.0: 0.00022384932885968948 0.008154417869988821
-7.5 -9.0 0.0: 0.00022384932885968948 -7.25411894124726e-05
-7.5 -9.0 1e-06: 0.00022384926611326159 -7.254118941247085e-05
-7.5 -9.0 0.4: 0.0001988228574891978 -7.226194376766794e-05
-7.5 -9.0 3: 6.20124924320712e-05 -5.649795680587975e-05
-7.5 -9.0 10: -2.086373191846753e-06 1.5116578772891926e-06
-7.5 -9.0 20: 1.418273216407089e-08 3.170287163662661e-08
-7.5 -9.0 -0.0: 0.00022384932885968948 7.25411894124726e-05
-7.5 -3.0 0.0: 0.00022384932885968948 0.0014151309515524325
-7.5 -3.0 1e-06: 0.00022384756138672053 0.0014151309515508124
-7.5 -3.0 0.4: -0.00040743965790765603 0.0011771849400446224
-7.5 -3.0 3: -5.397873470200203e-05 -3.966073675199611e-05
-7.5 -3.0 10: 3.9068655510498145e-08 1.937914923906566e-09
-7.5 -3.0 20: -1.4411562096512623e-10 -5.212503759434292e-11
-7.5 -3.0 -0.0: 0.00022384932885968948 -0.0014151309515524325
-7.5 -0.5 0.0: 0.00022384932885968948 43.16929162238377
-7.5 -0.5 1e-06: -0.0003730515304003241 43.16929161760856
-7.5 -0.5 0.4: 6.680066737096288 -0.8095114127518344
-7.5 -0.5 3: -3.621720042070616e-05 3.398674653744448e-05
-7.5 -0.5 10: -1.790197832133685e-09 3.568931679118375e-09
-7.5 -0.5 20: -2.4176265243406794e-12 -1.2958887708941686e-11
-7.5 -0.5 -0.0: 0.00022384932885968948 -43.16929162238377
-7.5 0.0 1e-06: 9.428101294380073e+43 9.428079537248344e+43
-7.5 0.0 0.4: 121.66447878670093 40.866681982626844
-7.5 0.0 3: -2.7408204321287217e-05 -1.5583635881755088e-05
-7.5 0.0 10: -1.829795404663836e-09 1.5411595384775667e-09
-7.5 0.0 20: 1.9181133178578873e-13 -7.94734993553814e-12
-7.5 1.0 0.0: 0.04263574226070448 0.0
-7.5 1.0 1e-06: 0.042635742258957054 -3.678794411653876e-07
-7.5 1.0 0.4: -0.024072614854895993 0.003971169748244339
-7.5 1.0 3: 6.921587354243364e-06 -1.1107546241085229e-06
-7.5 1.0 10: -8.062575688873217e-10 -8.585374001862583e-11
-7.5 1.0 20: 1.2129792718180904e-12 -2.5763072507607234e-12
-7.5 4.0 0.0: 4.714645086402664e-08 0.0
-7.5 4.0 1e-06: 4.71464508638083e-08 -1.3973723517381856e-13
-7.5 4.0 0.4: 1.7161158395424836e-08 -4.201855924340953e-08
-7.5 4.0 3: -1.9513208968761075e-09 -8.293145350732658e-09
-7.5 4.0 10: 1.480800781751955e-11 -1.4719783456952393e-11
-7.5 4.0 20: 1.1595095565274157e-13 1.047038992866089e-14
-7.5 4.5 0.0: 1.1319110634947172e-08 0.0
-7.5 4.5 1e-06: 1.1319110634902187e-08 -3.1143575013073666e-14
-7.5 4.5 0.4: 4.993577939411398e-09 -9.782164502863111e-09
-7.5 4.5 3: 5.378529776955124e-10 -2.7027738025660736e-09
-7.5 4.5 10: 9.760023193405152e-12 -4.644214751932412e-12
-7.5 4.5 20: 6.44890864125726e-14 1.905624189621879e-14
-7.5 12.0 0.0: 2.4617199890899248e-15 0.0
-7.5 12.0 1e-06: 2.4617199890864013e-15 -4.125015889223463e-21
-7.5 12.0 0.4: 1.9208633538615104e-15 -1.5223437397415717e-15
-7.5 12.0 3: 5.275320430586504e-16 1.8649297779853906e-15
-7.5 12.0 10: -3.0312225107185063e-16 -9.526791467782683e-18
-7.5 12.0 20: -1.1506506606340515e-17 2.7722073506783666e-18
-7.5 36.0 0.0: 1.1131994008589667e-29 0.0
-7.5 36.0 1e-06: 1.1131994008581198e-29 -1.3703370342009932e-35
-7.5 36.0 0.4: 9.804617302230752e-30 -5.259832842758179e-30
-7.5 36.0 3: -9.226693580276847e-30 5.654763300071888e-30
-7.5 36.0 10: 7.818973884914207e-30 2.517986637701738e-30
-7.5 36.0 20: 2.284372207610396e-30 2.9057154796052054e-30
-7.5 60.0 0.0: 5.905736816099851e-42 0.0
-7.5 60.0 1e-06: 5.905736816096008e-42 -6.730471003452029e-48
-7.5 60.0 0.4: 5.301686694756242e-42 -2.5994269713289586e-42
-7.5 60.0 3: -5.6221995892908165e-42 1.5985380863381052e-42
-7.5 60.0 10: 1.9972349673821343e-42 4.8797076551984995e-42
-7.5 60.0 20: -2.9024929505943064e-42 2.4792993326392778e-42
-6.5 -60.0 0.0: -0.0016788699664476712 6036226183137.435
-6.5 -60.0 1e-06: 5266650.949492565 6036226183135.131
-6.5 -60.0 0.4: 2063799205506.799 5671338673142.449
-6.5 -60.0 3: 2989467740094.9346 -5176267737811.781
-6.5 -60.0 10: 3441326334815.2476 -4190885453504.2285
-6.5 -60.0 20: -3862233675266.4883 1044850205252.9031
-6.5 -60.0 -0.0: -0.0016788699664476712 -6036226183137.435
-6.5 -36.0 0.0: -0.0016788699664476712 11701.70534892664
-6.5 -36.0 1e-06: 0.007490354250702716 11701.705348923011
-6.5 -36.0 0.4: 3606.1468880264515 11125.95424706977
-6.5 -36.0 3: 8072.8572221812465 -8012.432519141721
-6.5 -36.0 10: 8634.105704435877 -358.7311672725683
-6.5 -36.0 20: -1461.5817490040636 -3683.292244770112
-6.5 -36.0 -0.0: -0.0016788699664476712 -11701.70534892664
-6.5 -20.0 0.0: -0.0016788699664476712 0.14591300568532709
-6.5 -20.0 1e-06: -0.0016787852115760107 0.1459130056853006
-6.5 -20.0 0.4: 0.03185437684592682 0.14170027624400855
-6.5 -20.0 3: 0.12617540716394202 -0.02394962621032715
-6.5 -20.0 10: -0.0001720944742012959 0.05133818994978046
-6.5 -20.0 20: 0.007235897956445039 0.001972140123149385
-6.5 -20.0 -0.0: -0.0016788699664476712 -0.14591300568532709
-6.5 -9.0 0.0: -0.0016788699664476712 0.0011087767717563811
-6.5 -9.0 1e-06: -0.0016788694017298201 0.001108776771756334
-6.5 -9.0 0.4: -0.001453706209353531 0.0011012654699809451
-6.5 -9.0 3: -0.00025444388671183577 0.0007404855211422491
-6.5 -9.0 10: 6.216339855972359e-07 -3.459826011951036e-05
-6.5 -9.0 20: -7.607536953415653e-07 3.493927135950423e-08
-6.5 -9.0 -0.0: -0.0016788699664476712 -0.0011087767717563811
-6.5 -3.0 0.0: -0.0016788699664476712 -0.005311063229729404
-6.5 -3.0 1e-06: -0.0016788646640287642 -0.0053110632297254275
-6.5 -3.0 0.4: 0.000277343384380673 -0.00471609054549133
-6.5 -3.0 3: 0.00030691502818491826 -8.428924476664431e-05
-6.5 -3.0 10: -1.118792902246133e-07 4.0804339423075435e-07
-6.5 -3.0 20: 1.3680155069941574e-09 -2.8241719707721566e-09
-6.5 -3.0 -0.0: -0.0016788699664476712 0.005311063229729404
-6.5 -0.5 0.0: -0.0016788699664476712 -25.31925752344636
-6.5 -0.5 1e-06: -0.001380419536814481 -25.31925752135721
-6.5 -0.5 0.4: -3.474931987978221 3.652476636094577
-6.5 -0.5 3: -0.00010220451938985899 -0.00013448158108770155
-6.5 -0.5 10: -3.7527389754211395e-08 -1.8308022316439308e-08
-6.5 -0.5 20: 2.6272418025680143e-10 -5.361390658199242e-11
-6.5 -0.5 -0.0: -0.0016788699664476712 25.31925752344636
-6.5 0.0 1e-06: -1.087855300791364e+38 1.08785787208875e+38
-6.5 0.0 0.4: -18.220627307300084 56.28953018845047
-6.5 0.0 3: 4.710211664902487e-05 -9.426801956990542e-05
-6.5 0.0 10: -1.720342608645344e-08 -1.815622445714232e-08
-6.5 0.0 20: 1.6174325715694792e-10 -2.758843598497376e-12
-6.5 1.0 0.0: 0.048111374216158694 0.0
-6.5 1.0 1e-06: 0.04811137421459521 -3.678794411665526e-07
-6.5 1.0 0.4: -0.02898645267625192 -0.0061741384104509675
-6.5 1.0 3: 1.2222379577936e-05 2.123302185514376e-05
-6.5 1.0 10: -4.0185084435548786e-10 -8.522143597499345e-09
-6.5 1.0 20: 5.4566657023199005e-11 1.9936175072260175e-11
-6.5 4.0 0.0: 2.0535055921603373e-07 0.0
-6.5 4.0 1e-06: 2.0535055921523024e-07 -5.589489406954199e-13
-6.5 4.0 0.4: 9.247307123818916e-08 -1.7581485538724061e-07
-6.5 4.0 3: 1.754118110731281e-08 -4.260595633736279e-08
-6.5 4.0 10: 2.19914840254262e-10 8.46568186769077e-11
-6.5 4.0 20: 3.4508992671391157e-13 2.402003936999944e-12
-6.5 4.5 0.0: 5.525275779693246e-08 0.0
-6.5 4.5 1e-06: 5.52527577967456e-08 -1.401460875588615e-13
-6.5 4.5 0.4: 2.8484460388467223e-08 -4.566128588185174e-08
-6.5 4.5 3: 1.1125678619799633e-08 -1.1601830493904833e-08
-6.5 4.5 10: 9.769406197074369e-11 7.66500959212827e-11
-6.5 4.5 20: -4.425056276212466e-14 1.4086327945741492e-12
-6.5 12.0 0.0: 3.1037290752531685e-14 0.0
-6.5 12.0 1e-06: 3.1037290752491465e-14 -4.9500190670683907e-20
-6.5 12.0 0.4: 2.4838824360693742e-14 -1.8411141660931692e-14
-6.5 12.0 3: 9.58044157208709e-16 2.5139817353833543e-14
-6.5 12.0 10: -3.747340654224024e-15 -3.1976110587529605e-15
-6.5 12.0 20: -2.0317114463613034e-16 -1.9687912942299076e-16
-6.5 36.0 0.0: 4.098313772480612e-28 0.0
-6.5 36.0 1e-06: 4.098313772477632e-28 -4.933213323123632e-34
-6.5 36.0 0.4: 3.6307572343528377e-28 -1.8970647563165942e-28
-6.5 36.0 3: -3.567262932669265e-28 1.8039696596812848e-28
-6.5 36.0 10: 2.6265002037892226e-28 1.7121293765745839e-28
-6.5 36.0 20: 2.5858007668508855e-29 1.529036289810934e-28
-6.5 60.0 0.0: 3.5953523408646075e-40 0.0
-6.5 60.0 1e-06: 3.595352340862336e-40 -4.0382826020712425e-46
-6.5 60.0 0.4: 3.2380286869336432e-40 -1.561261311654598e-40
-6.5 60.0 3: -3.4707892182362304e-40 8.042201111612017e-41
-6.5 60.0 10: 7.271472153930053e-41 3.1708967249882075e-40
-6.5 60.0 20: -2.2639260334371233e-40 9.28173247037096e-41
-5 -60.0 0.0: 2725542519820301.5 0.026179938779914945
-5 -60.0 1e-06: 2725542519819200.0 -2447718170.8747325
-5 -60.0 0.4: 2551213394890151.5 -958033727093008.4
-5 -60.0 3: -2438498633066337.0 -1169299819475702.0
-5 -60.0 10: -2269628776330507.0 -1052992087300505.2
-5 -60.0 20: 1347109657755934.0 1427205610207290.8
-5 -60.0 -0.0: 2725542519820301.5 -0.026179938779914945
-5 -36.0 0.0: 2394113.9731560643 0.026179938779914945
-5 -36.0 1e-06: 2394113.973155239 -1.9543724921245467
-5 -36.0 0.4: 2263318.8120809007 -777536.7809465347
-5 -36.0 3: -1851378.0244094813 -1432382.459194515
-5 -36.0 10: -844635.8818367935 -1681620.3739303134
-5 -36.0 20: -400073.7575842468 928557.9638958118
-5 -36.0 -0.0: 2394113.9731560643 -0.026179938779914945
-5 -20.0 0.0: 11.301436639259126 0.026179938779914945
-5 -20.0 1e-06: 11.301436639256472 0.026172358073736666
-5 -20.0 0.4: 10.87992394553315 -2.9654490948228966
-5 -20.0 3: -4.53314340665924 -9.29225601597914
-5 -20.0 10: 3.683922088533571 -3.476237882845778
-5 -20.0 20: -0.8993487427505781 -0.6210686159789827
-5 -20.0 -0.0: 11.301436639259126 -0.026179938779914945
-5 -9.0 0.0: 0.03802678198202361 0.026179938779914945
-5 -9.0 1e-06: 0.03802678198202107 0.026179923532532963
-5 -9.0 0.4: 0.03762172145787648 0.020111024088368235
-5 -9.0 3: 0.019517885895173483 -0.008597825566577852
-5 -9.0 10: -0.00033404016261606994 0.0016474103181544962
-5 -9.0 20: 7.506342116763784e-05 -2.071150801052329e-05
-5 -9.0 -0.0: 0.03802678198202361 -0.026179938779914945
-5 -3.0 0.0: -0.03293720467879122 0.026179938779914945
-5 -3.0 1e-06: -0.03293720467877744 0.026179911227738096
-5 -3.0 0.4: -0.03083053567503505 0.015629461421408294
-5 -3.0 3: -0.0032500352804534136 0.000304312463625351
-5 -3.0 10: -2.9633054564399997e-06 -1.4642580923622904e-05
-5 -3.0 20: 5.19716152217787e-08 2.8509301777153034e-07
-5 -3.0 -0.0: -0.03293720467879122 -0.026179938779914945
-5 -0.5 0.0: -12.169273549462087 0.026179938779914945
-5 -0.5 1e-06: -12.169273548881737 0.026074420618592685
-5 -0.5 0.4: 3.3175984190326084 -0.9992570709551585
-5 -0.5 3: 0.0010363554302637412 0.00027893088693863683
-5 -0.5 10: 1.3181395583424775e-06 -4.923754649156723e-07
-5 -0.5 20: -1.2953372135418495e-08 2.0833966686286223e-08
-5 -0.5 -0.0: -12.169273549462087 -0.026179938779914945
-5 0.0 1e-06: -2.499999999999167e+23 -1.999999999998334e+29
-5 0.0 0.4: -9.266660925398826 -17.01871505762895
-5 0.0 3: 0.00027032458262454123 0.0005946574156031907
-5 0.0 10: 8.410712999805399e-07 -5.901637622220786e-08
-5 0.0 20: -9.58658759282256e-09 1.1290673834535186e-08
-5 1.0 0.0: 0.059485040741944384 0.0
-5 1.0 1e-06: 0.05948504074065681 -3.678794411680701e-07
-5 1.0 0.4: -0.02948985816793758 -0.028343326711568
-5 1.0 3: -0.00015523129912838182 4.78630647501337e-05
-5 1.0 10: 2.551937252377715e-07 1.3928548904986832e-07
-5 1.0 20: -4.4898277167287945e-09 2.8933279464794777e-09
-5 4.0 0.0: 1.893279975514129e-06 0.0
-5 4.0 1e-06: 1.8932799755085393e-06 -4.471591525564931e-12
-5 4.0 0.4: 1.0834725031794858e-06 -1.493012707813863e-06
-5 4.0 3: 5.668282597198168e-07 -1.4756217213780315e-07
-5 4.0 10: -4.4007058836440996e-09 7.784532700627158e-09
-5 4.0 20: -2.209153991917835e-10 -6.611018704339563e-11
-5 4.5 0.0: 6.035909936448938e-07 0.0
-5 4.5 1e-06: 6.03590993643333e-07 -1.3378263597404553e-12
-5 4.5 0.4: 3.742622056649182e-07 -4.5772463709705905e-07
-5 4.5 3: 2.2854532524316013e-07 9.062609173958337e-09
-5 4.5 10: -3.3065938278032363e-09 3.5354016496516086e-09
-5 4.5 20: -1.2274173861555523e-10 -5.631047994287447e-11
-5 12.0 0.0: 1.3958586908295695e-12 0.0
-5 12.0 1e-06: 1.3958586908280262e-12 -2.0576842854234525e-18
-5 12.0 0.4: 1.156664050226128e-12 -7.737608269251489e-13
-5 12.0 3: -3.682372341000104e-13 1.122764479466801e-12
-5 12.0 10: 4.676360067224878e-14 -3.197735436320145e-13
-5 12.0 20: 2.1446679014553696e-14 -2.5164207207458828e-14
-5 36.0 0.0: 9.163453119992562e-26 0.0
-5 36.0 1e-06: 9.163453119986347e-26 -1.0655740777947223e-31
-5 36.0 0.4: 8.187018220002323e-26 -4.1087754660967584e-26
-5 36.0 3: -8.450970526064582e-26 3.045422705761684e-26
-5 36.0 10: 4.142771758743951e-26 6.130389053629184e-26
-5 36.0 20: -2.3106383844321824e-26 3.5269949557440304e-26
-5 60.0 0.0: 1.7084946283693392e-37 0.0
-5 60.0 1e-06: 1.7084946283683069e-37 -1.8768241518121465e-43
-5 60.0 0.4: 1.545992435695256e-37 -7.267081127588282e-38
-5 60.0 3: -1.6760923044082672e-37 2.5973668871077955e-38
-5 60.0 10: -3.008403004590861e-39 1.5769576722506497e-37
-5 60.0 20: -1.2512458694980086e-37 -1.0974476369733094e-38
-4.5 -60.0 0.0: -0.060019601300504245 2.091373332415355e+16
-4.5 -60.0 1e-06: 18959943424.15696 2.0913733324144944e+16
-4.5 -60.0 0.4: 7417916630539106.0 1.95511494660156e+16
-4.5 -60.0 3: 8497610156521067.0 -1.894638536258004e+16
-4.5 -60.0 10: 6632222410106263.0 -1.8163804392402816e+16
-4.5 -60.0 20: -9371200998616668.0 1.2320488900894842e+16
-4.5 -60.0 -0.0: -0.060019601300504245 -2.091373332415355e+16
-4.5 -36.0 0.0: -0.060019601300504245 14117156.946648251
-4.5 -36.0 1e-06: 11.823294984126221 14117156.946643217
-4.5 -36.0 0.4: 4662343.395616471 13319543.229394982
-4.5 -36.0 3: 7980018.25136452 -11294760.661663126
-4.5 -36.0 10: 9307321.012642128 -6454991.972510721
-4.5 -36.0 20: -6346142.723832208 -927744.2906830416
-4.5 -36.0 -0.0: -0.060019601300504245 -14117156.946648251
-4.5 -20.0 0.0: -0.060019601300504245 48.44137450006002
-4.5 -20.0 1e-06: -0.05998569935184009 48.44137450004773
-4.5 -20.0 0.4: 13.306623911914725 46.489826051237664
-4.5 -20.0 3: 38.40913515246579 -22.994077832848163
-4.5 -20.0 10: 19.78859097716444 12.494633079571091
-4.5 -20.0 20: 1.1098586105613006 -5.640638416767376
-4.5 -20.0 -0.0: -0.060019601300504245 -48.44137450006002
-4.5 -9.0 0.0: -0.060019601300504245 0.1133344491670408
-4.5 -9.0 1e-06: -0.0600195555583583 0.1133344491670319
-4.5 -9.0 0.4: -0.041829351590762336 0.11191734569398613
-4.5 -9.0 3: 0.038828517122708336 0.05010677369998752
-4.5 -9.0 10: -0.005902368735451861 0.0015848057705268928
-4.5 -9.0 20: 0.0002773334089575384 0.00023531362195637016
-4.5 -9.0 -0.0: -0.060019601300504245 -0.1133344491670408
-4.5 -3.0 0.0: -0.060019601300504245 -0.05465882833652328
-4.5 -3.0 1e-06: -0.060019553578734085 -0.0546588283365034
-4.5 -3.0 0.4: -0.04157213571125536 -0.05160108493892185
-4.5 -3.0 3: -0.003813752775738995 -0.005933700080353339
-4.5 -3.0 10: 3.110215318811909e-05 -3.772508849214865e-05
-4.5 -3.0 20: -7.981057457363101e-07 1.0370503339983655e-06
-4.5 -3.0 -0.0: -0.060019601300504245 0.05465882833652328
-4.5 -0.5 0.0: -0.060019601300504245 -9.812167529911719
-4.5 -0.5 1e-06: -0.059944988693094656 -9.812167529538655
-4.5 -0.5 0.4: 1.8987627892565382 2.480002090641393
-4.5 -0.5 3: 0.0009373604169745476 0.0017595230580864031
-4.5 -0.5 10: 4.150754288324356e-06 1.8369703475122022e-06
-4.5 -0.5 20: -1.0731535051342232e-07 2.6156154333966607e-08
-4.5 -0.5 -0.0: -0.060019601300504245 9.812167529911719
-4.5 0.0 1e-06: 1.571346382330269e+26 -1.5713504229404474e+26
-4.5 0.0 0.4: 3.66771871708282 -13.07415887670517
-4.5 0.0 3: -0.00037386185122232864 0.0011448062585738814
-4.5 0.0 10: 2.114802644031679e-06 1.7116468066919906e-06
-4.5 0.0 20: -6.635045190742932e-08 6.8969559513795425e-09
-4.5 1.0 0.0: 0.06452414295618292 0.0
-4.5 1.0 1e-06: 0.0645241429549873 -3.678794411685146e-07
-4.5 1.0 0.4: -0.02679743594412299 -0.037402856158899586
-4.5 1.0 3: -0.0002933879711776012 -8.851134774705626e-05
-4.5 1.0 10: 3.3871998249751184e-07 8.788926324530419e-07
-4.5 1.0 20: -2.3758359694773933e-08 -3.9920725452290235e-09
-4.5 4.0 0.0: 3.987588847795805e-06 0.0
-4.5 4.0 1e-06: 3.987588847785185e-06 -8.943183051130816e-12
-4.5 4.0 0.4: 2.434386709782202e-06 -3.039922374659054e-06
-4.5 4.0 3: 1.369537207384236e-06 7.07023158127112e-08
-4.5 4.0 10: -2.6577844811534066e-08 1.4029458808365853e-08
-4.5 4.0 20: -6.048667984016689e-10 -8.60488190301528e-10
-4.5 4.5 0.0: 1.3446286972246723e-06 0.0
-4.5 4.5 1e-06: 1.344628697221519e-06 -2.83795827306802e-12
-4.5 4.5 0.4: 8.776948520096727e-07 -9.85411915784031e-07
-4.5 4.5 3: 5.277513924369502e-07 1.7469066652185021e-07
-4.5 4.5 10: -1.5829531923182552e-08 4.351507474483723e-09
-4.5 4.5 20: -2.8793519350131395e-10 -5.464859858786194e-10
-4.5 12.0 0.0: 4.9705980167180855e-12 0.0
-4.5 12.0 1e-06: 4.970598016712887e-12 -7.128027456579109e-18
-4.5 12.0 0.4: 4.163574610962103e-12 -2.689650640117913e-12
-4.5 12.0 3: -1.7981839254737166e-12 3.87125369156975e-12
-4.5 12.0 10: 6.032657064621212e-13 -1.1562353758593062e-12
-4.5 12.0 20: 1.5109835609477877e-13 -5.74421093025203e-14
-4.5 36.0 0.0: 5.563182946157254e-25 0.0
-4.5 36.0 1e-06: 5.563182946153568e-25 -6.3934444667683685e-31
-4.5 36.0 0.4: 4.984037961760433e-25 -2.467439399768215e-25
-4.5 36.0 3: -5.210370524672609e-25 1.6411443094974858e-25
-4.5 36.0 10: 2.0362441619754646e-25 4.09497900089588e-25
-4.5 36.0 20: -2.0141433682030735e-25 1.8458222127064101e-25
-4.5 60.0 0.0: 1.3333717954961665e-36 0.0
-4.5 60.0 1e-06: 1.3333717954953728e-36 -1.4537817367456656e-42
-4.5 60.0 0.4: 1.2084205088609909e-36 -5.631855043129045e-37
-4.5 60.0 3: -1.3134805765404253e-36 1.705217090553584e-37
-4.5 60.0 10: -1.2438268457604398e-37 1.2329348785603322e-36
-4.5 60.0 20: -9.754501075371091e-37 -2.4521851869069385e-37
-3 -60.0 0.0: 9.453748626657182e+18 0.5235987755982989
-3 -60.0 1e-06: 9.45374862665307e+18 -8811785415242.672
-3 -60.0 0.4: 8.803436953386103e+18 -3.4433048653818557e+18
-3 -60.0 3: -8.850212677013065e+18 -3.1818509807308933e+18
-3 -60.0 10: -8.888356742572325e+18 -8.683592664900396e+17
-3 -60.0 20: 7.502873455110781e+18 1.1999293854957432e+18
-3 -60.0 -0.0: 9.453748626657182e+18 -0.5235987755982989
-3 -36.0 0.0: 2899877779.9658785 0.5235987755982989
-3 -36.0 1e-06: 2899877779.964738 -2566.2723516765436
-3 -36.0 0.4: 2719286675.4708934 -1005140350.881327
-3 -36.0 3: -2527152488.273728 -1332762936.3769593
-3 -36.0 10: -2117603882.712003 -1277302122.8080802
-3 -36.0 20: 976225642.4790139 1314884428.7894042
-3 -36.0 -0.0: 2899877779.9658785 -0.5235987755982989
-3 -20.0 0.0: 3864.76769835861 0.5235987755982989
-3 -20.0 1e-06: 3864.7676983573965 0.520566493126988
-3 -20.0 0.4: 3672.4256018472993 -1191.4804631148368
-3 -20.0 3: -2600.822654631888 -2579.705046029692
-3 -20.0 10: -424.4206952004315 -2270.3771702386994
-3 -20.0 20: -427.48519467686754 717.927792896339
-3 -20.0 -0.0: 3864.76769835861 -0.5235987755982989
-3 -9.0 0.0: 2.544479331463873 0.5235987755982989
-3 -9.0 1e-06: 2.54447933146353 0.5235975405603583
-3 -9.0 0.4: 2.4899077205426727 0.03428189776701889
-3 -9.0 3: 0.32390818011086026 -1.5772566675905269
-3 -9.0 10: 0.2898356649851246 -0.021806891494997566
-3 -9.0 20: -0.0327452526171347 -0.017094850896738772
-3 -9.0 -0.0: 2.544479331463873 -0.5235987755982989
-3 -3.0 0.0: -0.0801483797391426 0.5235987755982989
-3 -3.0 1e-06: -0.08014837973910127 0.5235985276287072
-3 -3.0 0.4: -0.07373649427634889 0.42584747959283414
-3 -3.0 3: 0.03145373055941006 0.061581534612763195
-3 -3.0 10: -0.00035271707739793914 0.0016618048605872766
-3 -3.0 20: 2.621683165415176e-06 -0.00012009331791931405
-3 -3.0 -0.0: -0.0801483797391426 -0.5235987755982989
-3 -0.5 0.0: -5.9696080084232745 0.5235987755982989
-3 -0.5 1e-06: -5.969608008330946 0.5235723960579679
-3 -0.5 0.4: -0.5837673101539363 -2.426280378451195
-3 -0.5 3: -0.012021592322935508 -0.004503070218769462
-3 -0.5 10: -0.00013897395898445424 6.047711619237486e-05
-3 -0.5 20: 4.9505534807452885e-06 -8.752305069730511e-06
-3 -0.5 -0.0: -5.9696080084232745 -0.5235987755982989
-3 0.0 1e-06: 499999999997.4881 3.333333333328334e+17
-3 0.0 0.4: 2.7622665345777477 4.203495633366233
-3 0.0 3: -0.004492674839533322 -0.006145246793209368
-3 0.0 10: -8.884657134360925e-05 1.9658922401434727e-05
-3 0.0 20: 3.4999626978867834e-06 -4.969991763090229e-06
-3 1.0 0.0: 0.08606249132456073 0.0
-3 1.0 1e-06: 0.08606249132364104 -3.678794411696642e-07
-3 1.0 0.4: -0.005433443848054437 -0.0681254853592149
-3 1.0 3: 0.0009525473850321069 -0.001853378356007331
-3 1.0 10: -3.150103882705761e-05 -5.191714219404892e-06
-3 1.0 20: 1.5979937342082646e-06 -1.520037358614607e-06
-3 4.0 0.0: 3.7865599510282574e-05 0.0
-3 4.0 1e-06: 3.786559951021103e-05 -7.154546440906721e-11
-3 4.0 0.4: 2.7128911177379423e-05 -2.5513132428195167e-05
-3 4.0 3: 1.0182547166378008e-05 1.4593858445405305e-05
-3 4.0 10: -3.926999073047194e-07 -1.0708279161244107e-06
-3 4.0 20: 9.797940909254912e-08 -1.821148026999993e-08
-3 4.5 0.0: 1.508192918231678e-05 0.0
-3 4.5 1e-06: 1.5081929182291195e-05 -2.7090983784753138e-11
-3 4.5 0.4: 1.1211405917909165e-05 -9.788508860914679e-06
-3 4.5 3: 3.2778657035404775e-06 7.367669649352753e-06
-3 4.5 10: -1.2338259415366694e-07 -6.284140279125881e-07
-3 4.5 20: 5.878592008750626e-08 -5.3503357792121425e-09
-3 12.0 0.0: 2.254548652173183e-10 0.0
-3 12.0 1e-06: 2.2545486521712076e-10 -2.9630653710100116e-16
-3 12.0 0.4: 1.9462625373565316e-10 -1.1290339087277235e-10
-3 12.0 3: -1.4312457809141417e-10 1.426183008725411e-10
-3 12.0 10: 8.553832141084006e-11 -7.348596867327667e-12
-3 12.0 20: 7.889708292062594e-12 1.7160376619372647e-11
-3 36.0 0.0: 1.2458682438597847e-22 0.0
-3 36.0 1e-06: 1.2458682438590175e-22 -1.3809840048219896e-28
-3 36.0 0.4: 1.1251365553976596e-22 -5.343438652958116e-23
-3 36.0 3: -1.208962251964594e-22 2.2379373715334652e-23
-3 36.0 10: 6.835521446135115e-24 1.0785627625748994e-22
-3 36.0 20: -7.434519157542643e-23 -3.4790266145619496e-25
-3 60.0 0.0: 6.3402990426574735e-34 0.0
-3 60.0 1e-06: 6.34029904265387e-34 -6.75656694652381e-40
-3 60.0 0.4: 5.772457753926453e-34 -2.621294573204153e-34
-3 60.0 3: -6.300016234894305e-34 3.481826246913795e-35
-3 60.0 10: -2.032287947418369e-34 5.657731564873632e-34
-3 60.0 20: -3.875081694988695e-34 -3.416050496179955e-34
-2.5 -60.0 0.0: -0.9453087204829419 7.2566775746132074e+19
-2.5 -60.0 1e-06: 68255796327179.49 7.256677574609994e+19
-2.5 -60.0 0.4: 2.6660605544742396e+19 6.748554075754475e+19
-2.5 -60.0 3: 2.2700344295320318e+19 -6.8578751950688076e+19
-2.5 -60.0 10: 9.122832600836695e+17 -6.9036974127469126e+19
-2.5 -60.0 20: 3.1198027804153837e+17 5.994340132055753e+19
-2.5 -60.0 -0.0: -0.9453087204829419 -7.2566775746132074e+19
-2.5 -36.0 0.0: -0.9453087204829419 17120418562.388546
-2.5 -36.0 1e-06: 15399.830393992306 17120418562.381596
-2.5 -36.0 0.4: 6026868090.844939 16020290822.372278
-2.5 -36.0 3: 7231303387.947458 -15274126506.2608
-2.5 -36.0 10: 5836005436.123402 -13706693668.128714
-2.5 -36.0 20: -6462851933.665991 8136650323.607613
-2.5 -36.0 -0.0: -0.9453087204829419 -17120418562.388546
-2.5 -20.0 0.0: -0.9453087204829419 16696.8675205332
-2.5 -20.0 1e-06: -0.9317479410172776 16696.86752052761
-2.5 -20.0 0.4: 5324.222412722287 15810.24605126335
-2.5 -20.0 3: 10267.011186481077 -12198.008842637231
-2.5 -20.0 10: 9694.46842872608 -4474.424955775282
-2.5 -20.0 20: -4355.502220343369 -562.7014633974377
-2.5 -20.0 -0.0: -0.9453087204829419 -16696.8675205332
-2.5 -9.0 0.0: -0.9453087204829419 6.931008993102241
-2.5 -9.0 1e-06: -0.9453050153691204 6.931008993101109
-2.5 -9.0 0.4: 0.5203395463625163 6.751043630683233
-2.5 -9.0 3: 4.688929624684437 -0.10921368023880368
-2.5 -9.0 10: 0.5348026060670469 0.9031060921229037
-2.5 -9.0 20: -0.019981908733557773 -0.17098885932729996
-2.5 -9.0 -0.0: -0.9453087204829419 -6.931008993102241
-2.5 -3.0 0.0: -0.9453087204829419 0.06969797186313717
-2.5 -3.0 1e-06: -0.9453082909870104 0.06969797186317296
-2.5 -3.0 0.4: -0.7753850774755905 0.07521948184279302
-2.5 -3.0 3: -0.08198059551764969 0.12088720706616682
-2.5 -3.0 10: -0.004909940391311595 0.0025335325606398807
-2.5 -3.0 20: 0.00040925590627923457 -0.0003542480713413322
-2.5 -3.0 -0.0: -0.9453087204829419 -0.06969797186313717
-2.5 -0.5 0.0: -0.9453087204829419 -5.316423773893618
-2.5 -0.5 1e-06: -0.9452900673310892 -5.316423773837658
-2.5 -0.5 0.4: 1.8841633864085532 -1.4687122143658284
-2.5 -0.5 3: -0.009746914896801094 -0.02179840603691387
-2.5 -0.5 10: -0.000456055933596822 -0.0001708376320134513
-2.5 -0.5 20: 4.3410243673491696e-05 -1.2563071072559515e-05
-2.5 -0.5 -0.0: -0.9453087204829419 5.316423773893618
-2.5 0.0 1e-06: -282842241069392.06 282843183878432.75
-2.5 0.0 0.4: -0.6051788309918935 3.684316450204615
-2.5 0.0 3: 0.0012296929471873315 -0.014046484600169386
-2.5 0.0 10: -0.00025286942685586117 -0.00014726096265521959
-2.5 0.0 20: 2.6810266232933535e-05 -5.300516262101563e-06
-2.5 1.0 0.0: 0.09655664863127517 0.0
-2.5 1.0 1e-06: 0.09655664863044743 -3.6787944116998614e-07
-2.5 1.0 0.4: 0.007682241250037032 -0.07902996694323033
-2.5 1.0 3: 0.0034368972891422518 -0.0019751040245180053
-2.5 1.0 10: -6.721763296011141e-05 -7.827615121485256e-05
-2.5 1.0 20: 9.929017413464379e-06 -2.2648472582090456e-07
-2.5 4.0 0.0: 8.069089045506339e-05 0.0
-2.5 4.0 1e-06: 8.069089045492925e-05 -1.4309092881814673e-10
-2.5 4.0 0.4: 6.0402878137228564e-05 -5.175137990923072e-05
-2.5 4.0 3: 1.2783036506897404e-05 3.99920461395766e-05
-2.5 4.0 10: 8.153577806089755e-07 -3.744199242002681e-06
-2.5 4.0 20: 4.023172069272482e-07 2.104979991237454e-07
-2.5 4.5 0.0: 3.394871421010577e-05 0.0
-2.5 4.5 1e-06: 3.3948714210054685e-05 -5.746865502964537e-11
-2.5 4.5 0.4: 2.6170967861052878e-05 -2.1011179537484457e-05
-2.5 4.5 3: 2.8348724675332457e-06 1.9536296355448462e-05
-2.5 4.5 10: 7.491664790197351e-07 -2.038391248258116e-06
-2.5 4.5 20: 2.2802866149469387e-07 1.4406408767914446e-07
-2.5 12.0 0.0: 8.053457193346413e-10 0.0
-2.5 12.0 1e-06: 8.053457193339784e-10 -1.0264359537474726e-15
-2.5 12.0 0.4: 7.017232614845786e-10 -3.9230674472090274e-10
-2.5 12.0 3: -5.7522414525087e-10 4.5266631896999185e-10
-2.5 12.0 10: 3.362489679970668e-10 8.514226891293681e-11
-2.5 12.0 20: -6.405317402683033e-12 9.210449868922531e-11
-2.5 36.0 0.0: 7.56795015752263e-22 0.0
-2.5 36.0 1e-06: 7.567950157518084e-22 -8.28590402893198e-28
-2.5 36.0 0.4: 6.85231022180165e-22 -3.208753178711251e-22
-2.5 36.0 3: -7.4052532408069875e-22 1.0615508235821228e-22
-2.5 36.0 10: -4.628100463196068e-23 6.667108996196469e-22
-2.5 36.0 20: -4.66471227696383e-22 -1.2076720557409893e-22
-2.5 60.0 0.0: 4.949320693347851e-33 0.0
-2.5 60.0 1e-06: 4.949320693345081e-33 -5.233614252284459e-39
-2.5 60.0 0.4: 4.512803235304294e-33 -2.0314241554825537e-33
-2.5 60.0 3: -4.926067580192579e-33 1.5073871178459393e-34
-2.5 60.0 10: -1.9532778632716842e-33 4.3014630255593154e-33
-2.5 60.0 20: -2.6322340737035453e-33 -3.191983951071544e-33
-1.5 -60.0 0.0: 2.363271801207355 -4.2767647189967627e+21
-1.5 -60.0 1e-06: -4095347779630802.5 -4.2767647189948e+21
-1.5 -60.0 0.4: -1.5982845674949556e+21 -3.966622517013417e+21
-1.5 -60.0 3: -1.1318820719944495e+21 4.109923615592423e+21
-1.5 -60.0 10: 6.373958984866314e+20 4.078014273175815e+21
-1.5 -60.0 20: -1.2185110185535348e+21 -3.5270170682982473e+21
-1.5 -60.0 -0.0: 2.363271801207355 4.2767647189967627e+21
-1.5 -36.0 0.0: 2.363271801207355 -597228971703.7074
-1.5 -36.0 1e-06: -554425.5620258546 -597228971703.4495
-1.5 -36.0 0.4: -216674530697.7968 -556432314150.8575
-1.5 -36.0 3: -206266683488.12683 554618263756.9508
-1.5 -36.0 10: -66107727538.55261 536869637905.4813
-1.5 -36.0 20: 62515558435.244446 -413732479299.2333
-1.5 -36.0 -0.0: 2.363271801207355 597228971703.7074
-1.5 -20.0 0.0: 2.363271801207355 -312957.758114648
-1.5 -20.0 1e-06: 2.0920562118940746 -312957.75811452937
-1.5 -20.0 0.4: -106265.00548063366 -294170.19052295695
-1.5 -20.0 3: -155314.92440716893 260210.93977781394
-1.5 -20.0 10: -137358.6555545325 182388.5743698927
-1.5 -20.0 20: 93720.27497540278 -76965.82533201197
-1.5 -20.0 -0.0: 2.363271801207355 312957.758114648
-1.5 -9.0 0.0: 2.363271801207355 -50.67354687606994
-1.5 -9.0 1e-06: 2.3632384551829615 -50.6735468760579
-1.5 -9.0 0.4: -10.779634344306055 -48.76236635939895
-1.5 -9.0 3: -35.43073311927022 17.37205700862889
-1.5 -9.0 10: -13.526499028718087 -1.6347634747012785
-1.5 -9.0 20: 3.6075389828404023 0.9601118328572208
-1.5 -9.0 -0.0: 2.363271801207355 50.67354687606994
-1.5 -3.0 0.0: 2.363271801207355 -1.462732724037906
-1.5 -3.0 1e-06: 2.36327051271956 -1.4627327240377985
-1.5 -3.0 0.4: 1.8520392982665796 -1.4454988722625675
-1.5 -3.0 3: -0.26128799662296 -0.5780903659187927
-1.5 -3.0 10: -0.01598606446372017 -0.055868626257270265
-1.5 -3.0 20: 0.0063181610153796725 0.008969886812306966
-1.5 -3.0 -0.0: 2.363271801207355 1.462732724037906
-1.5 -0.5 0.0: 2.363271801207355 3.964483508345548
-1.5 -0.5 1e-06: 2.363262474631428 3.964483508326895
-1.5 -0.5 0.4: 0.11372889073085626 2.2639559828458773
-1.5 -0.5 3: 0.07462820024800183 -0.03449613731771087
-1.5 -0.5 10: 0.0015828434807250813 -0.004751484842211172
-1.5 -0.5 20: 0.00027332252395750753 0.0008694585346824819
-1.5 -0.5 -0.0: 2.363271801207355 -3.964483508345548
-1.5 0.0 1e-06: -471405932.6420294 -471403106.57817644
-1.5 0.0 0.4: -2.2020188879157416 -0.053538378319656764
-1.5 0.0 3: 0.04823407278201733 -0.0033894265294094456
-1.5 0.0 10: 0.00129192635899571 -0.002724536755505172
-1.5 0.0 20: 0.0001325390323857731 0.0005354331855203461
-1.5 1.0 0.0: 0.12648781959325442 0.0
-1.5 1.0 1e-06: 0.12648781959261063 -3.6787944117053793e-07
-1.5 1.0 0.4: 0.04734219327120909 -0.10067667547687885
-1.5 1.0 3: 0.011829019099420877 0.008245295091566109
-1.5 1.0 10: 0.0006774497862980533 -0.0008341679478653157
-1.5 1.0 20: 2.3938727428841044e-05 0.00019969290477198093
-1.5 4.0 0.0: 0.00037063648913528466 0.0
-1.5 4.0 1e-06: 0.0003706364891348196 -5.723637152726763e-10
-1.5 4.0 0.4: 0.00029929329035330223 -0.00021235374651635297
-1.5 4.0 3: -6.585221975051788e-05 0.00022590206441666733
-1.5 4.0 10: 4.209810859117495e-05 -9.78872826305262e-06
-1.5 4.0 20: -2.254530086501574e-06 9.142344173268835e-06
-1.5 4.5 0.0: 0.00017373716210828346 0.0
-1.5 4.5 1e-06: 0.0001737371621080823 -2.5860894763343826e-10
-1.5 4.5 0.4: 0.00014274412333091976 -9.660350420433685e-05
-1.5 4.5 3: -4.628464163925777e-05 0.00010969724903669222
-1.5 4.5 10: 2.4749882676031197e-05 -3.2411985965191338e-06
-1.5 4.5 20: -1.662604925437646e-06 5.375056424372235e-06
-1.5 12.0 0.0: 1.0303867146636542e-08 0.0
-1.5 12.0 1e-06: 1.03038671466291e-08 -1.2317231444970112e-14
-1.5 12.0 0.4: 9.137041046210226e-09 -4.735183876947685e-09
-1.5 12.0 3: -8.737725121868154e-09 4.048223434064346e-09
-1.5 12.0 10: 3.46145534571605e-09 4.4866927088261e-09
-1.5 12.0 20: -1.9340247256733392e-09 1.0607441896401266e-09
-1.5 36.0 0.0: 2.793726696478047e-20 0.0
-1.5 36.0 1e-06: 2.7937266964764524e-20 -2.982925450415543e-26
-1.5 36.0 0.4: 2.542408561475155e-20 -1.1570533065115359e-20
-1.5 36.0 3: -2.765612043390581e-20 1.6926538243950985e-21
-1.5 36.0 10: -8.388778032298175e-21 2.415125060403393e-20
-1.5 36.0 20: -1.4808111597647564e-20 -1.3805064690277076e-20
-1.5 60.0 0.0: 3.0164355340375657e-31 0.0
-1.5 60.0 1e-06: 3.01643553403593e-31 -3.1401685513706936e-37
-1.5 60.0 0.4: 2.7585260725249688e-31 -1.2200150314672088e-31
-1.5 60.0 3: -3.0067950279690233e-31 -5.6032994200083204e-33
-1.5 60.0 10: -1.6209688854598276e-31 2.4261578107558935e-31
-1.5 60.0 20: -9.654990575669885e-32 -2.472389706372128e-31
-1 -60.0 0.0: 3.28365642364694e+22 3.141592653589793
-1 -60.0 1e-06: 3.2836564236454066e+22 -3.1722427494875172e+16
-1 -60.0 0.4: 3.0413829341429694e+22 -1.2374956127527767e+22
-1 -60.0 3: -3.178709984018395e+22 -7.889898467414045e+21
-1 -60.0 10: -3.100885456894693e+22 7.559925055609812e+21
-1 -60.0 20: 2.589192356144141e+22 -1.402035825223224e+22
-1 -60.0 -0.0: 3.28365642364694e+22 -3.141592653589793
-1 -36.0 0.0: 3528776126898.79 3.141592653589793
-1 -36.0 1e-06: 3528776126897.219 -3326564.410193267
-1 -36.0 0.4: 3280425457963.5894 -1299149279638.973
-1 -36.0 3: -3332546764103.383 -1078817310704.2788
-1 -36.0 10: -3259931853490.6997 56331723185.48923
-1 -36.0 20: 2639357807930.6587 -292640611046.8132
-1 -36.0 -0.0: 3528776126898.79 -3.141592653589793
-1 -20.0 0.0: 1357392.893567075 3.141592653589793
-1 -20.0 1e-06: 1357392.893566529 1.9286796650654823
-1 -20.0 0.4: 1271018.846664449 -474687.82254595537
-1 -20.0 3: -1186749.7801055168 -585161.0958726924
-1 -20.0 10: -972836.9455108797 -411436.8742651987
-1 -20.0 20: 566405.5430231247 291848.8629754482
-1 -20.0 -0.0: 1357392.893567075 -3.141592653589793
-1 -9.0 0.0: 137.53563209760247 3.141592653589793
-1 -9.0 1e-06: 137.53563209756356 3.141492615516613
-1 -9.0 0.4: 131.3665941013888 -36.20553978503071
-1 -9.0 3: -70.23344665773378 -90.08243693218425
-1 -9.0 10: -16.144468770809578 -46.25363474553412
-1 -9.0 20: 5.739111115359905 16.394956984677737
-1 -9.0 -0.0: 137.53563209760247 -3.141592653589793
-1 -3.0 0.0: 3.2386535962295273 3.141592653589793
-1 -3.0 1e-06: 3.238653596229155 3.1415904218634685
-1 -3.0 0.4: 3.179406763416167 2.256788192145637
-1 -3.0 3: 0.766915260654516 -1.050948796843809
-1 -3.0 10: 0.1068261740161793 -0.15456387244312284
-1 -3.0 20: -0.010843476269709251 0.048147686553734234
-1 -3.0 -0.0: 3.2386535962295273 -3.141592653589793
-1 -0.5 0.0: -2.8432226365370825 3.141592653589793
-1 -0.5 1e-06: -2.8432226365271904 3.1415860587047106
-1 -0.5 0.4: -1.832539763685414 1.2544896808956698
-1 -0.5 3: 0.14356149347350938 0.04949427102483633
-1 -0.5 10: 0.014183027639892857 -0.007457346550613825
-1 -0.5 20: -0.001848744176088424 0.00364800524668561
-1 -0.5 -0.0: -2.8432226365370825 -3.141592653589793
-1 0.0 1e-06: -14.238294893062825 -999998.4292041733
-1 0.0 0.4: -1.3523552021968706 -1.1283176229636889
-1 0.0 3: 0.07258978332137792 0.05214129766224351
-1 0.0 10: 0.00894567808448161 -0.003644114516332185
-1 0.0 20: -0.0012274416910280663 0.00215052266078718
-1 1.0 0.0: 0.14849550677592205 0.0
-1 1.0 1e-06: 0.14849550677537024 -3.6787944117076784e-07
-1 1.0 0.4: 0.07651117652404668 -0.11097653935875561
-1 1.0 3: 0.010928970758260197 0.025296351151320985
-1 1.0 10: 0.0033967472429403834 -0.0006708661286979316
-1 1.0 20: -0.0005235953942948402 0.0007374369455738326
-1 4.0 0.0: 0.0007995573123346386 0.0
-1 4.0 1e-06: 0.00079955731233378 -1.1447274305454331e-09
-1 4.0 0.4: 0.0006669839602615797 -0.00042958548339505485
-1 4.0 3: -0.00030465243481727326 0.00046878947889178896
-1 4.0 10: 0.00013708943184039378 4.748471083620454e-05
-1 4.0 20: -3.374365096617452e-05 2.6421691949055325e-05
-1 4.5 0.0: 0.0003952651426725648 0.0
-1 4.5 1e-06: 0.00039526514267216857 -5.485924216413956e-10
-1 4.5 0.4: 0.0003338789661808116 -0.00020692264542571833
-1 4.5 3: -0.00018166623625993076 0.00023040219149917475
-1 4.5 10: 7.751486482632621e-05 3.387301107304725e-05
-1 4.5 20: -2.0937366825464694e-05 1.4875072961625766e-05
-1 12.0 0.0: 3.690951364343475e-08 0.0
-1 12.0 1e-06: 3.6909513643409864e-08 -4.266814134254723e-14
-1 12.0 0.4: 3.300115905610107e-08 -1.6448617510886315e-08
-1 12.0 3: -3.3221421216635574e-08 1.093359273696339e-08
-1 12.0 10: 7.321077979867694e-09 2.171369675931638e-08
-1 12.0 20: -1.0780498923200993e-08 2.53598430756233e-11
-1 36.0 0.0: 1.6977996313656227e-19 0.0
-1 36.0 1e-06: 1.697799631364678e-19 -1.7897552702493347e-25
-1 36.0 0.4: 1.5489059960706288e-19 -6.94792222470912e-20
-1 36.0 3: -1.686291703168384e-19 3.4631814553720635e-21
-1 36.0 10: -7.116461381820376e-20 1.4124785988288112e-19
-1 36.0 20: -7.105065785683748e-20 -1.103445959577372e-19
-1 60.0 0.0: 2.3550894768163267e-30 0.0
-1 60.0 1e-06: 2.35508947681507e-30 -2.4323641007486004e-36
-1 60.0 0.4: 2.1568649391269567e-30 -9.454639383052601e-31
-1 60.0 3: -2.34719864345321e-30 -1.0154891695243166e-31
-1 60.0 10: -1.424767497253189e-30 1.7970431738000576e-30
-1 60.0 20: -4.509000832220204e-31 -2.0776979536043584e-30
-0.5 -60.0 0.0: -3.544907701811032 2.5213601385638107e+23
-0.5 -60.0 1e-06: 2.4572086677784698e+17 2.5213601385626128e+23
-0.5 -60.0 0.4: 9.581457353527623e+22 2.3321180046124017e+23
-0.5 -60.0 3: 5.439026557621348e+22 -2.4569888320009923e+23
-0.5 -60.0 10: -7.83909086245118e+22 -2.3404556561482385e+23
-0.5 -60.0 20: 1.4243480189927323e+23 1.8356541814508996e+23
-0.5 -60.0 -0.0: -3.544907701811032 -2.5213601385638107e+23
-0.5 -36.0 0.0: -3.544907701811032 20855248768274.06
-0.5 -36.0 1e-06: 19959401.765807733 20855248768264.492
-0.5 -36.0 0.4: 7789429407829.307 19343742662455.38
-0.5 -36.0 3: 5534884483415.589 -19988078780376.96
-0.5 -36.0 10: -3072229743906.9785 -19414186130806.406
-0.5 -36.0 20: 6105140302512.558 15709838016618.152
-0.5 -36.0 -0.0: -3.544907701811032 -20855248768274.06
-0.5 -20.0 0.0: -3.544907701811032 5893748.423438272
-0.5 -20.0 1e-06: 1.8794040844544908 5893748.423435763
-0.5 -20.0 0.4: 2120344.3273554286 5496965.013900876
-0.5 -20.0 3: 2136772.5624164157 -5373576.952414037
-0.5 -20.0 10: 756462.5531815998 -4828857.945991103
-0.5 -20.0 20: -229759.2211438801 3339530.7062990163
-0.5 -20.0 -0.0: -3.544907701811032 -5893748.423438272
-0.5 -9.0 0.0: -3.544907701811032 376.1245398539339
-0.5 -9.0 1e-06: -3.5446075875914924 376.1245398538089
-0.5 -9.0 0.4: 114.23242373513331 356.3148508919564
-0.5 -9.0 3: 215.22471277284185 -251.07451795790766
-0.5 -9.0 10: 123.76516360897155 -125.04979572390661
-0.5 -9.0 20: -48.082360064098594 64.91775930999358
-0.5 -9.0 -0.0: -3.544907701811032 -376.1245398539339
-0.5 -3.0 0.0: -3.544907701811032 6.059562469197048
-0.5 -3.0 1e-06: -3.544903836347649 6.059562469196082
-0.5 -3.0 0.4: -2.015808694070445 5.906029453191647
-0.5 -3.0 3: 2.6182674959458194 0.2960341373870636
-0.5 -3.0 10: 0.6041097915782834 -0.0502018304670745
-0.5 -3.0 20: -0.1931864765453755 0.10911838550123382
-0.5 -3.0 -0.0: -3.544907701811032 -6.059562469197048
-0.5 -0.5 0.0: -3.544907701811032 -1.2834372993240735
-0.5 -0.5 1e-06: -3.544903038523069 -1.28343729931941
-0.5 -0.5 0.4: -2.0195321932449266 -0.7623667550335734
-0.5 -0.5 3: 0.12990370035498433 0.24702302119956135
-0.5 -0.5 10: 0.04919017217799386 0.014143553191769421
-0.5 -0.5 20: -0.017361924992528543 0.005913749432300472
-0.5 -0.5 -0.0: -3.544907701811032 1.2834372993240735
-0.5 0.0 1e-06: 1410.6700688850822 -1414.2121481597685
-0.5 0.0 0.4: -0.35987276700314014 -1.405678818678705
-0.5 0.0 3: 0.04316580491647274 0.15900905524407116
-0.5 0.0 10: 0.028989002082938645 0.010684333051818328
-0.5 0.0 20: -0.010642446445880504 0.0031881441810816197
-0.5 1.0 0.0: 0.1781477117815607 0.0
-0.5 1.0 1e-06: 0.17814771178110084 -3.678794411709671e-07
-0.5 1.0 0.4: 0.11483514362346992 -0.12061746106111575
-0.5 1.0 3: -0.007244871417668095 0.05220337935975145
-0.5 1.0 10: 0.009791814283475166 0.005315450634873274
-0.5 1.0 20: -0.003969680679329333 0.0008748127550494971
-0.5 4.0 0.0: 0.0017335001273888456 0.0
-0.5 4.0 1e-06: 0.0017335001273872715 -2.289454861091015e-09
-0.5 4.0 0.4: 0.001488954885771313 -0.0008682779711046402
-0.5 4.0 3: -0.001014446723604147 0.0008629917369876113
-0.5 4.0 10: 0.00030489111296462036 0.00037945121734931546
-0.5 4.0 20: -0.00019498493656854544 -1.3900959259524594e-08
-0.5 4.5 0.0: 0.0009031345211885402 0.0
-0.5 4.5 1e-06: 0.0009031345211877644 -1.1637402643506061e-09
-0.5 4.5 0.4: 0.0007823083396488234 -0.0004429176652162899
-0.5 4.5 3: -0.0005825755794339645 0.0004312826996975979
-0.5 4.5 10: 0.00016604953808870986 0.00023357249140334413
-0.5 4.5 20: -0.00011712682520589956 -4.104775174511147e-06
-0.5 12.0 0.0: 1.3235097661972293e-07 0.0
-0.5 12.0 1e-06: 1.323509766196398e-07 -1.478067773396463e-13
-0.5 12.0 0.4: 1.1927700912524472e-07 -5.7132093369609105e-08
-0.5 12.0 3: -1.245425058316097e-07 2.55589791717894e-08
-0.5 12.0 10: -5.627336411538893e-10 9.268531916714933e-08
-0.5 12.0 20: -4.6319527868914355e-08 -2.509981143170285e-08
-0.5 36.0 0.0: 1.03194726170263e-18 0.0
-0.5 36.0 1e-06: 1.0319472617020706e-18 -1.0738531621496062e-24
-0.5 36.0 0.4: 9.437508342490606e-19 -4.1720730408680035e-19
-0.5 36.0 3: -1.0266575587278853e-18 -2.057178687845267e-20
-0.5 36.0 10: -5.51758411061994e-19 8.08177321366158e-19
-0.5 36.0 20: -2.707226065272689e-19 -8.066295736539984e-19
-0.5 60.0 0.0: 1.8388545978121936e-29 0.0
-0.5 60.0 1e-06: 1.8388545978112281e-29 -1.884101130822427e-35
-0.5 60.0 0.4: 1.6865130034980885e-29 -7.326947711269252e-30
-0.5 60.0 3: -1.8312981692726031e-29 -1.2441662245449489e-30
-0.5 60.0 10: -1.2309354045825621e-29 1.3168441814714255e-29
-0.5 60.0 20: -9.386259875245808e-31 -1.7004887193756838e-29
0 -60.0 0.0: -1.9361822139292765e+24 -3.141592653589793
0 -60.0 1e-06: -1.9361822139283407e+24 1.9033456496925002e+18
0 -60.0 0.4: -1.7883744518469564e+24 7.41852926387912e+23
0 -60.0 3: 1.897989497806978e+24 3.698001717911159e+23
0 -60.0 10: 1.752801138241089e+24 -7.560547591959164e+23
0 -60.0 20: -1.246236130338655e+24 1.3448893273733e+24
0 -60.0 -0.0: -1.9361822139292765e+24 3.141592653589793
0 -36.0 0.0: -123285207991209.77 -3.141592653589793
0 -36.0 1e-06: -123285207991151.55 119756428.72269943
0 -36.0 0.4: -114087894263361.98 46703306359200.05
0 -36.0 3: 119674251505108.5 27673988002367.21
0 -36.0 10: 113347001357423.48 -34626617293284.855
0 -36.0 20: -86397891196952.06 63091187776199.92
0 -36.0 -0.0: -123285207991209.77 3.141592653589793
0 -20.0 0.0: -25615652.664056588 -3.141592653589793
0 -20.0 1e-06: -25615652.664045066 21.11666711689606
0 -20.0 0.4: -23794278.625882365 9470833.934078248
0 -20.0 3: 24171587.21895108 7456212.52602936
0 -20.0 10: 22535171.21163147 -2004401.4212591213
0 -20.0 20: -16589317.398788972 5831702.329644177
0 -20.0 -0.0: -25615652.664056588 3.141592653589793
0 -9.0 0.0: -1037.8782907170896 -3.141592653589793
0 -9.0 1e-06: -1037.8782907166894 -3.1406923109311737
0 -9.0 0.4: -974.5542066649444 349.3404804115699
0 -9.0 3: 834.3157664477562 471.8329067698827
0 -9.0 10: 597.769277561987 202.69800896802477
0 -9.0 20: -375.2067795653675 -15.470665992770359
0 -9.0 -0.0: -1037.8782907170896 3.141592653589793
0 -3.0 0.0: -9.933832570625416 -3.141592653589793
0 -3.0 1e-06: -9.933832570623185 -3.141585958410819
0 -3.0 0.4: -9.579918161654314 -0.5029642142417451
0 -3.0 3: 2.0747613579554813 4.837449126282808
0 -3.0 10: 1.3594964648187011 1.3999872986387207
0 -3.0 20: -0.9459524963647702 -0.31445565667073416
0 -3.0 -0.0: -9.933832570625416 3.141592653589793
0 -0.5 0.0: -0.4542199048631736 -3.141592653589793
0 -0.5 1e-06: -0.4542199048648223 -3.141589356147252
0 -0.5 0.4: -0.6457610847984937 -1.9530457513526847
0 -0.5 3: -0.1307930430453678 0.49245154956336634
0 -0.5 10: 0.08218694055108755 0.14097835590378763
0 -0.5 20: -0.07420435230095712 -0.03538735660990466
0 -0.5 -0.0: -0.4542199048631736 3.141592653589793
0 0.0 1e-06: 13.23829489306299 -1.5707953267948966
0 0.0 0.4: 0.3788093464252443 -1.1743348620435237
0 0.0 3: -0.11962978600800032 0.27785620120457166
0 0.0 10: 0.04545643300445537 0.08755126742397742
0 0.0 20: -0.044419820845353314 -0.02255462575145678
0 1.0 0.0: 0.21938393439552029 0.0
0 1.0 1e-06: 0.21938393439515239 -3.678794411711357e-07
0 1.0 0.4: 0.1661921018366673 -0.12936377413594577
0 1.0 3: -0.06292330431054151 0.07877149980234954
0 1.0 10: 0.013362308770673213 0.033214488252010586
0 1.0 20: -0.015852840446862363 -0.009062508780231723
0 4.0 0.0: 0.0037793524098489067 0.0
0 4.0 1e-06: 0.003779352409846045 -4.578909722182305e-09
0 4.0 0.4: 0.0033321685118220664 -0.0017534411974069893
0 4.0 3: -0.0029066871493411265 0.0012935394323270646
0 4.0 10: 0.00019194865122381153 0.0016209436352277102
0 4.0 20: -0.0006982909067878291 -0.0005465427875570655
0 4.5 0.0: 0.0020734007547146146 0.0
0 4.5 1e-06: 0.002073400754713106 -2.4686658973865442e-09
0 4.5 0.4: 0.0018373050840809406 -0.0009474152738497388
0 4.5 3: -0.0016710964824522849 0.0006563948029725708
0 4.5 10: 7.624558567422664e-05 0.0009674434628370004
0 4.5 20: -0.0004131801647503652 -0.0003392206281663752
0 12.0 0.0: 4.751081824672494e-07 0.0
0 12.0 1e-06: 4.7510818246697206e-07 -5.120176961105834e-13
0 12.0 0.4: 4.3143602500664363e-07 -1.9842170440998884e-07
0 12.0 3: -4.60856378902619e-07 4.032991589091586e-08
0 12.0 10: -1.2387596138704938e-07 3.5396380857981853e-07
0 12.0 20: -1.4013581652583268e-07 -2.1594229138077028e-07
0 36.0 0.0: 6.273339009762241e-18 0.0
0 36.0 1e-06: 6.27333900975893e-18 -6.443118972897668e-24
0 36.0 0.4: 5.751007301633121e-18 -2.5052105752681335e-18
0 36.0 3: -6.241268174996672e-18 -3.785580707320755e-19
0 36.0 10: -4.0438888658368124e-18 4.507015292361184e-18
0 36.0 20: -4.1691769785650874e-19 -5.500776739271437e-18
0 60.0 0.0: 1.4358675656812567e-28 0.0
0 60.0 1e-06: 1.4358675656805148e-28 -1.4594184604491685e-34
0 60.0 0.4: 1.3187963678938684e-28 -5.678054450017043e-29
0 60.0 3: -1.4280102903636393e-28 -1.3236354189190828e-29
0 60.0 10: -1.048463312528663e-28 9.531025182850126e-29
0 60.0 20: 1.40804500094616e-29 -1.3570240058429458e-28
0.5 -60.0 0.0: 1.772453850905516 -1.4869320013601346e+25
0.5 -60.0 1e-06: -1.474325200667074e+19 -1.4869320013594036e+25
0.5 -60.0 0.4: -5.743840834483954e+24 -1.3714951042700209e+25
0.5 -60.0 3: -2.4701396875512835e+24 1.4652966635607353e+25
0.5 -60.0 10: 6.964569782969768e+24 1.30183872873432e+25
0.5 -60.0 20: -1.2073137374089063e+25 -7.976135554202241e+24
0.5 -60.0 -0.0: 1.772453850905516 1.4869320013601346e+25
0.5 -36.0 0.0: 1.772453850905516 -728966215570002.9
0.5 -36.0 1e-06: -718538589.4132955 -728966215569648.6
0.5 -36.0 0.4: -280017386404580.3 -673013495170762.0
0.5 -36.0 3: -133416428582085.55 715291942615433.9
0.5 -36.0 10: 301795019679168.44 647912919975389.8
0.5 -36.0 20: -527998247150597.6 -427089260921095.5
0.5 -36.0 -0.0: 1.772453850905516 728966215570002.9
0.5 -20.0 0.0: 1.772453850905516 -111433109.93704514
0.5 -20.0 1e-06: -106.71378187440327 -111433109.93699224
0.5 -20.0 0.4: -42301392.43761386 -103078298.34162545
0.5 -20.0 3: -24194608.16907951 108063399.85857032
0.5 -20.0 10: 34166028.17077581 99024176.36021882
0.5 -20.0 20: -62583183.581832506 -67934980.892785
0.5 -20.0 -0.0: 1.772453850905516 111433109.93704514
0.5 -9.0 0.0: 1.772453850905516 -2889.090245785428
0.5 -9.0 1e-06: 1.769752822929658 -2889.090245784153
0.5 -9.0 0.4: -1052.951482376778 -2687.47394873423
0.5 -9.0 3: -891.2705768969566 2636.920990265442
0.5 -9.0 10: 281.8580919620497 2244.7965169445242
0.5 -9.0 20: -919.0778968449972 -1483.1012549852715
0.5 -9.0 -0.0: 1.772453850905516 2889.090245785428
0.5 -3.0 0.0: 1.772453850905516 -14.626171384019091
0.5 -3.0 1e-06: 1.7724422545153666 -14.62617138401426
0.5 -3.0 0.4: -2.7739588708721685 -13.861458059657442
0.5 -3.0 3: -6.274836016533672 8.244293668813985
0.5 -3.0 10: -0.702399281907452 6.228422173619508
0.5 -3.0 20: -1.8037433710542798 -4.09646354035582
0.5 -3.0 -0.0: 1.772453850905516 14.626171384019091
0.5 -0.5 0.0: 1.772453850905516 -1.6899253319350875
0.5 -0.5 1e-06: 1.7724515192615344 -1.6899253319350875
0.5 -0.5 0.4: 0.8808086375026872 -1.6751757749602916
0.5 -0.5 3: -0.7717112962099709 0.504387083969683
0.5 -0.5 10: -0.12054056407306431 0.5050644344307038
0.5 -0.5 20: -0.12720181158692348 -0.34560466746515794
0.5 -0.5 -0.0: 1.772453850905516 1.6899253319350875
0.5 0.0 1e-06: 1.7710396368717385 -0.0014142130909684328
0.5 0.0 0.4: 0.7743309379648462 -0.7623210302113484
0.5 0.0 3: -0.48335764880810733 0.2670462146464606
0.5 0.0 10: -0.08046978022707503 0.30392674968841293
0.5 0.0 20: -0.07450465596430253 -0.2104668300365777
0.5 1.0 0.0: 0.27880558528066196 0.0
0.5 1.0 1e-06: 0.27880558528038607 -3.678794411712737e-07
0.5 1.0 0.4: 0.2370838514291222 -0.13698437033376273
0.5 1.0 3: -0.17959287305100458 0.06996560401161456
0.5 1.0 10: -0.03472990530956834 0.10948636302486113
0.5 1.0 20: -0.025435974492670776 -0.0779385060290387
0.5 4.0 0.0: 0.008291069380672667 0.0
0.5 4.0 1e-06: 0.008291069380667516 -9.15781944436511e-09
0.5 4.0 0.4: 0.007481825278671077 -0.0035379374494438516
0.5 4.0 3: -0.007551211351955459 0.0010362083062668715
0.5 4.0 10: -0.0023279737026241447 0.004949729649658116
0.5 4.0 20: -0.000969966764521793 -0.003912529222283751
0.5 4.5 0.0: 0.004785263928985074 0.0
0.5 4.5 1e-06: 0.004785263928982165 -5.236831189578245e-09
0.5 4.5 0.4: 0.0043278853596881205 -0.002025174504386352
0.5 4.5 3: -0.0044302093685587565 0.0005095796041095108
0.5 4.5 10: -0.0014558470746676043 0.002944155496114439
0.5 4.5 20: -0.0005588860733112465 -0.0023725521217146527
0.5 12.0 0.0: 1.7075058397662714e-06 0.0
0.5 12.0 1e-06: 1.7075058397653477e-06 -1.773681328075811e-12
0.5 12.0 0.4: 1.5618462914461106e-06 -6.89059355257739e-07
0.5 12.0 3: -1.684411812225796e-06 -4.6150998254499453e-08
0.5 12.0 10: -9.383188229542656e-07 1.1929361329552889e-06
0.5 12.0 20: -9.731311260978197e-08 -1.2539657351995477e-06
0.5 36.0 0.0: 3.8142740206541505e-17 0.0
0.5 36.0 1e-06: 3.8142740206521913e-17 -3.8658713837386194e-23
0.5 36.0 0.4: 3.504988048051202e-17 -1.5042913295529168e-17
0.5 36.0 3: -3.7885675419845265e-17 -3.843320345803967e-18
0.5 36.0 10: -2.848445957916698e-17 2.435104666001203e-17
0.5 36.0 20: 6.1364528557972676e-18 -3.523951883646671e-17
0.5 60.0 0.0: 1.1212664055045934e-27 0.0
0.5 60.0 1e-06: 1.1212664055040234e-27 -1.1304606784934628e-33
0.5 60.0 0.4: 1.031305951720483e-27 -4.4002196052538155e-28
0.5 60.0 3: -1.1129258524478952e-27 -1.3082419014898937e-28
0.5 60.0 10: -8.823189405590392e-28 6.798327144858552e-28
0.5 60.0 20: 2.829771752184377e-28 -1.0557113123090736e-27
1 -60.0 0.0: 1.1420073898156842e+26 0.0
1 -60.0 1e-06: 1.1420073898151133e+26 -1.142007389815494e+20
1 -60.0 0.4: 1.0518584616222744e+26 -4.447186246462526e+25
1 -60.0 3: -1.1305787469797874e+26 -1.611600920552173e+25
1 -60.0 10: -9.582258867892544e+25 6.212761288513982e+25
1 -60.0 20: 4.660327302421145e+25 -1.0425902228280835e+26
1 -60.0 -0.0: 1.1420073898156842e+26 0.0
1 -36.0 0.0: 4311231547115195.0 0.0
1 -36.0 1e-06: 4311231547113039.5 -4311231547.114476
1 -36.0 0.4: 3970907214162518.0 -1678872642386358.0
1 -36.0 3: -4268086882751173.0 -608401030676850.1
1 -36.0 10: -3617431646440586.5 2345400975562905.0
1 -36.0 20: 1759336258701708.8 -3935918365725940.0
1 -36.0 -0.0: 4311231547115195.0 0.0
1 -20.0 0.0: 485165195.4097903 0.0
1 -20.0 1e-06: 485165195.4095477 -485.1651954097094
1 -20.0 0.4: 446866737.1397454 -188932226.14233303
1 -20.0 3: -480309903.06738126 -68466516.28659666
1 -20.0 10: -407088302.3671686 263940108.5716923
1 -20.0 20: 197987213.26292443 -442929260.9677094
1 -20.0 -0.0: 485165195.4097903 0.0
1 -9.0 0.0: 8103.083927575384 0.0
1 -9.0 1e-06: 8103.083927571332 -0.008103083927574034
1 -9.0 0.4: 7463.434536821385 -3155.4895106642753
1 -9.0 3: -8021.992287623298 -1143.5072691692187
1 -9.0 10: -6799.067021345503 4408.248719909358
1 -9.0 20: 3306.723196211921 -7397.671987927319
1 -9.0 -0.0: 8103.083927575384 0.0
1 -3.0 0.0: 20.085536923187668 0.0
1 -3.0 1e-06: 20.085536923177624 -2.008553692318432e-05
1 -3.0 0.4: 18.500004603552885 -7.821676493006934
1 -3.0 3: -19.88453084414699 -2.834471132487004
1 -3.0 10: -16.85320217846062 10.92695610976201
1 -3.0 20: 8.196547320243438 -18.336995542338588
1 -3.0 -0.0: 20.085536923187668 0.0
1 -0.5 0.0: 1.6487212707001282 0.0
1 -0.5 1e-06: 1.6487212706993037 -1.6487212706998532e-06
1 -0.5 0.4: 1.5185728524247597 -0.6420423041650557
1 -0.5 3: -1.6322216869786788 -0.23266755900967662
1 -0.5 10: -1.3833950776272281 0.8969391772332171
1 -0.5 20: 0.6728135755029039 -1.5051922538593014
1 -0.5 -0.0: 1.6487212707001282 0.0
1 0.0 1e-06: 0.9999999999995 -9.999999999998333e-07
1 0.0 0.4: 0.9210609940028851 -0.3894183423086505
1 0.0 3: -0.9899924966004454 -0.1411200080598672
1 0.0 10: -0.8390715290764524 0.5440211108893698
1 0.0 20: 0.40808206181339196 -0.9129452507276277
1 1.0 0.0: 0.36787944117144233 0.0
1 1.0 1e-06: 0.36787944117125837 -3.67879441171381e-07
1 1.0 0.4: 0.33883940375859456 -0.1432590021504158
1 1.0 3: -0.36419788641329287 -0.05191514970317339
1 1.0 10: -0.30867716521951294 0.20013418225944862
1 1.0 20: 0.15012500085200062 -0.33585378865780197
1 4.0 0.0: 0.01831563888873418 0.0
1 4.0 1e-06: 0.018315638888725023 -1.8315638888731126e-08
1 4.0 0.4: 0.0168698205606554 -0.007132445734374718
1 4.0 3: -0.01813234507029016 -0.0025847031075997852
1 4.0 10: -0.015368131128382326 0.009964094214897712
1 4.0 20: 0.007474283681144188 -0.016721175537512113
1 4.5 0.0: 0.011108996538242306 0.0
1 4.5 1e-06: 0.011108996538236751 -1.1108996538240455e-08
1 4.5 0.4: 0.010232063393888068 -0.004326047016634856
1 4.5 3: -0.010997823217620207 -0.0015677016810137913
1 4.5 10: -0.009321242711847989 0.006043528637600743
1 4.5 20: 0.004533382212003755 -0.01014190562993797
1 12.0 0.0: 6.14421235332821e-06 0.0
1 12.0 1e-06: 6.144212353325138e-06 -6.144212353327186e-12
1 12.0 0.4: 5.659194337521287e-06 -2.392668989425404e-06
1 12.0 3: -6.082724127314692e-06 -8.670712968232127e-07
1 12.0 10: -5.15543365427753e-06 3.342581229997802e-06
1 12.0 20: 2.5073428453654892e-06 -5.60932948743301e-06
1 36.0 0.0: 2.3195228302435696e-16 0.0
1 36.0 1e-06: 2.3195228302424095e-16 -2.3195228302431826e-22
1 36.0 0.4: 2.1364220036365273e-16 -9.032647355005201e-17
1 36.0 3: -2.2963101976345627e-16 -3.273310804990185e-17
1 36.0 10: -1.9462455679002125e-16 1.2618693868423619e-16
1 36.0 20: 9.465556589890302e-17 -2.117597351825172e-16
1 60.0 0.0: 8.75651076269652e-27 0.0
1 60.0 1e-06: 8.756510762692142e-27 -8.75651076269506e-33
1 60.0 0.4: 8.065280507086218e-27 -3.409945905617136e-27
1 60.0 3: -8.6688799514706e-27 -1.235718869408047e-27
1 60.0 10: -7.347338875030182e-27 4.763726712636884e-27
1 60.0 20: 3.5733749663323535e-27 -7.994214913749145e-27
1.5 -60.0 0.0: 0.886226925452758 8.771604603935887e+26
1.5 -60.0 1e-06: 8.845951204002394e+20 8.771604603931427e+26
1.5 -60.0 0.4: 3.4432343050272484e+26 8.067648596077387e+26
1.5 -60.0 3: 1.0175125185999306e+26 -8.718093819869239e+26
1.5 -60.0 10: -5.410538198733238e+26 -6.983189333419006e+26
1.5 -60.0 20: 8.71765686603915e+26 2.2903470346789215e+26
1.5 -60.0 -0.0: 0.886226925452758 -8.771604603935887e+26
1.5 -36.0 0.0: 0.886226925452758 2.550290617490617e+16
1.5 -36.0 1e-06: 25867389283.572968 2.5502906174893056e+16
1.5 -36.0 0.4: 1.0065744137557488e+16 2.3433342641957588e+16
1.5 -36.0 3: 2520761584286820.0 -2.5425025503822252e+16
1.5 -36.0 10: -1.7040481332320018e+16 -1.964886426069967e+16
1.5 -36.0 20: 2.7018732086656716e+16 4379978138412936.0
1.5 -36.0 -0.0: 0.886226925452758 -2.550290617490617e+16
1.5 -20.0 0.0: 0.886226925452758 2114008159.5379975
1.5 -20.0 1e-06: 2170.6109414315933 2114008159.5368855
1.5 -20.0 0.4: 843805635.5937859 1938560679.413113
1.5 -20.0 3: 134297299.52579632 -2122879193.381595
1.5 -20.0 10: -1639899648.734177 -1537240265.09069
1.5 -20.0 20: 2547973982.8498826 37375556.49822824
1.5 -20.0 -0.0: 0.886226925452758 -2114008159.5379975
1.5 -9.0 0.0: 0.886226925452758 22864.70665983344
1.5 -9.0 1e-06: 0.9105361772354796 22864.706659820607
1.5 -9.0 0.4: 9439.768302709812 20841.777627023468
1.5 -9.0 3: -926.8624977131224 -23634.96774797728
1.5 -9.0 10: -24775.453208743504 -15080.63957560552
1.5 -9.0 20: 37041.380250076414 -6548.150787061096
1.5 -9.0 -0.0: 0.886226925452758 -22864.70665983344
1.5 -3.0 0.0: 0.886226925452758 27.476084756252156
1.5 -3.0 1e-06: 0.8862617146232062 27.476084756231863
1.5 -3.0 0.4: 14.321987551510738 24.28185568219318
1.5 -3.0 3: -13.417243415107096 -35.95189218379784
1.5 -3.0 10: -61.1833790664585 -19.499196549531263
1.5 -3.0 20: 85.6372250945578 -27.92925091390165
1.5 -3.0 -0.0: 0.886226925452758 -27.476084756252156
1.5 -0.5 0.0: 0.886226925452758 0.32085932483101837
1.5 -0.5 1e-06: 0.8862280912747488 0.3208593248298525
1.5 -0.5 0.4: 1.327426709302063 0.1390087051104829
1.5 -0.5 3: -1.9161717087971373 -2.1820340933973266
1.5 -0.5 10: -5.133659653310383 -0.9629906681386161
1.5 -0.5 20: 6.857296336228286 -2.71913391902183
1.5 -0.5 -0.0: 0.886226925452758 -0.32085932483101837
1.5 0.0 1e-06: 0.8862269259241623 -4.714048036336432e-10
1.5 0.0 0.4: 0.9732296448027035 -0.1434026933203638
1.5 0.0 3: -1.2813310512095424 -1.2518011317263824
1.5 0.0 10: -3.1329240522567585 -0.5077894170118505
1.5 0.0 20: 4.140202830938587 -1.7017509987631445
1.5 1.0 0.0: 0.5072822338117733 0.0
1.5 1.0 1e-06: 0.5072822338116814 -3.6787944117145765e-07
1.5 1.0 0.4: 0.4919605893011465 -0.14798471673485908
1.5 1.0 3: -0.5612136263598118 -0.41859583058221833
1.5 1.0 10: -1.1686398342455926 -0.1314527118235793
1.5 1.0 20: 1.5098831909516084 -0.6648866493127421
1.5 4.0 0.0: 0.04077681246780469 0.0
1.5 4.0 1e-06: 0.04077681246778867 -3.663127777746387e-08
1.5 4.0 0.4: 0.038234954099560944 -0.014366753376083919
1.5 4.0 3: -0.04041245705528989 -0.017786383289096454
1.5 4.0 10: -0.06126065201920715 0.001277404396741809
1.5 4.0 20: 0.07349590314178246 -0.038955593958316714
1.5 4.5 0.0: 0.025958372317599586 0.0
1.5 4.5 1e-06: 0.02595837231758911 -2.356574035310404e-08
1.5 4.5 0.4: 0.024298273897448253 -0.0092348214568634
1.5 4.5 3: -0.02563750475839513 -0.010646207379960066
1.5 4.5 10: -0.03751504133079953 0.0015180925299972247
1.5 4.5 20: 0.044434124462768655 -0.024220986070999838
1.5 12.0 0.0: 2.213792885679673e-05 0.0
1.5 12.0 1e-06: 2.2137928856786532e-05 -2.128417593691035e-11
1.5 12.0 0.4: 2.0525790858604866e-05 -8.307440582535899e-06
1.5 12.0 3: -2.1702288161806293e-05 -5.66358279857531e-06
1.5 12.0 10: -2.412514961416388e-05 6.081811679195582e-06
1.5 12.0 20: 2.3835981743472224e-05 -1.8234628089469346e-05
1.5 36.0 0.0: 1.4107850682494124e-15 0.0
1.5 36.0 1e-06: 1.4107850682487261e-15 -1.3917136981459161e-21
1.5 36.0 0.4: 1.3024087593342008e-15 -5.423673644013224e-16
1.5 36.0 3: -1.3897461701637244e-15 -2.5584849738328456e-16
1.5 36.0 10: -1.2971657792456617e-15 6.157570070280502e-16
1.5 36.0 20: 9.319641947849836e-16 -1.1807399388061343e-15
1.5 60.0 0.0: 6.838827391237156e-26 0.0
1.5 60.0 1e-06: 6.838827391233792e-26 -6.782764070960814e-32
1.5 60.0 0.4: 6.307743815389106e-26 -2.642524163642847e-26
1.5 60.0 3: -6.748706470409566e-26 -1.131843552063298e-26
1.5 60.0 10: -6.061374587912877e-26 3.264019630501615e-26
1.5 60.0 20: 3.837623543920878e-26 -5.873052376601814e-26
3 -60.0 0.0: 3.9764697313382124e+29 0.0
3 -60.0 1e-06: 3.9764697313360886e+29 -4.111226603335732e+23
3 -60.0 0.4: 3.6414121469315965e+29 -1.5980868154268795e+29
3 -60.0 3: -3.9835506608483484e+29 -1.5948412327692493e+28
3 -60.0 10: -2.5076141170766088e+29 3.231862414186749e+29
3 -60.0 20: -1.0242000512680801e+29 -4.313100310127544e+29
3 -60.0 -0.0: 3.9764697313382124e+29 0.0
3 -36.0 0.0: 5.285569876763229e+18 0.0
3 -36.0 1e-06: 5.28556987676028e+18 -5587356085060.257
3 -36.0 0.4: 4.820688465422163e+18 -2.1692146419394437e+18
3 -36.0 3: -5.322025952750317e+18 1.5587419104401968e+17
3 -36.0 10: -2.431447350998067e+18 5.173123650992242e+18
3 -36.0 20: -4.0570739623287045e+18 -5.714139332272018e+18
3 -36.0 -0.0: 5.285569876763229e+18 0.0
3 -20.0 0.0: 175629800738.3441 0.0
3 -20.0 1e-06: 175629800738.23734 -194066.07816387713
3 -20.0 0.4: 158822490329.282 -75155611111.8659
3 -20.0 3: -177354578639.4576 30586648700.512844
3 -20.0 10: -6359893962.955097 223845863345.30743
3 -20.0 20: -344149752439.4503 -133638970163.0496
3 -20.0 -0.0: 175629800738.3441 0.0
3 -9.0 0.0: 526700.4552924 0.0
3 -9.0 1e-06: 526700.4552919988 -0.6563497981334454
3 -9.0 0.4: 463733.9624992473 -252367.92090712846
3 -9.0 3: -504119.9170270272 321019.222732442
3 -9.0 10: 943287.1409325899 933562.018218453
3 -9.0 20: -3475007.3068677355 1420068.693167837
3 -9.0 -0.0: 526700.4552924 0.0
3 -3.0 0.0: 100.42768461593833 0.0
3 -3.0 1e-06: 100.4276846157877 -0.000180769832308612
3 -3.0 0.4: 77.02533989238486 -67.45692159183818
3 -3.0 3: 45.5244697867439 249.95225465971188
3 -3.0 10: 2038.1324513442394 -363.93274328896615
3 -3.0 20: -4704.595834883245 6587.389453604267
3 -3.0 -0.0: 100.42768461593833 0.0
3 -0.5 0.0: 2.06090158837516 0.0
3 -0.5 1e-06: 2.0609015883741297 -4.1218031767386417e-07
3 -0.5 0.4: 1.9120613308090104 -0.0923969705700068
3 -0.5 3: 13.34772075111379 -3.0934914786110426
3 -0.5 10: 127.64087214335662 -102.40669452805247
3 -0.5 20: -238.1805681545969 613.6516827364545
3 -0.5 -0.0: 2.06090158837516 0.0
3 0.0 1e-06: 2.0 3.333333333332333e-19
3 0.0 0.4: 2.0062869028122288 0.020319045354391167
3 0.0 3: 7.776667524562321 -4.952114923183602
3 0.0 10: 71.34858763170494 -70.09549944868729
3 0.0 20: -125.89885057262491 379.6754922621315
3 1.0 0.0: 1.8393972058572117 0.0
3 1.0 1e-06: 1.8393972058573955 -3.678794411715036e-07
3 1.0 0.4: 1.8691971176322628 -0.15123052439426107
3 1.0 3: 2.079773342091252 -4.162714038146821
3 1.0 10: 21.318963405475785 -31.359833923428138
3 1.0 20: -32.43107224391609 144.67224658799182
3 4.0 0.0: 0.4762066111070887 0.0
3 4.0 1e-06: 0.4762066111070154 -2.930502222197408e-07
3 4.0 0.4: 0.4644459462248344 -0.11682311553362111
3 4.0 3: -0.23070877296693917 -0.5879103049379011
3 4.0 10: 0.1408322820105209 -2.274156084740663
3 4.0 20: 0.5488530107544964 7.748576387258368
3 4.5 0.0: 0.3471561418200721 0.0
3 4.5 1e-06: 0.3471561418200096 -2.2495717989939883e-07
3 4.5 0.4: 0.3371494577891734 -0.08947572281407017
3 4.5 3: -0.1929674111185945 -0.3978095285840237
3 4.5 10: -0.023952713696532502 -1.4408292921383299
3 4.5 20: 0.5595345479099689 4.737171787680452
3 12.0 0.0: 0.0010445161000657956 0.0
3 12.0 1e-06: 0.001044516100065427 -8.847665788791618e-10
3 12.0 0.4: 0.0009860413237746395 -0.0003475152800537892
3 12.0 3: -0.0009116870233454549 -0.0006140509607190833
3 12.0 10: -0.0012299514755988556 -0.0011064320640123116
3 12.0 20: 0.0023401624790311023 0.0025939640616996465
3 36.0 0.0: 3.17774627743369e-13 0.0
3 36.0 1e-06: 3.1777462774322703e-13 -3.0061015879952195e-19
3 36.0 0.4: 2.953292953632276e-13 -1.1740900739703913e-13
3 36.0 3: -3.0526106791098573e-13 -9.552784644340371e-14
3 36.0 10: -3.4055152174966176e-13 1.6235240104364225e-14
3 36.0 20: 4.0522030699206137e-13 -6.531670559666521e-14
3 60.0 0.0: 3.259173305875645e-23 0.0
3 60.0 1e-06: 3.2591733058741214e-23 -3.152343874570257e-29
3 60.0 0.4: 3.0184088962687886e-23 -1.2297687380616274e-23
3 60.0 3: -3.173527815360699e-23 -7.761034224350318e-24
3 60.0 10: -3.242380799477632e-23 8.290464725633971e-24
3 60.0 20: 3.137663602770399e-23 -1.7837747025623716e-23
4.5 -60.0 0.0: 11.631728396567448 -1.8037954719660675e+32
4.5 -60.0 1e-06: -1.9107254600644844e+26 -1.803795471965056e+32
4.5 -60.0 0.4: -7.416844343641839e+31 -1.644416211474276e+32
4.5 -60.0 3: 6.539075097456307e+30 1.8107674833020552e+32
4.5 -60.0 10: 1.7394436549890695e+32 7.52567354392481e+31
4.5 -60.0 20: -1.6357366788749905e+32 1.4429819065499573e+32
4.5 -60.0 -0.0: 11.631728396567448 1.8037954719660675e+32
4.5 -36.0 0.0: 11.631728396567448 -1.0973479385674542e+21
4.5 -36.0 1e-06: -1206868914372986.0 -1.0973479385667922e+21
4.5 -36.0 0.4: -4.6743091044880915e+20 -9.930902504575035e+20
4.5 -36.0 3: 1.73885362885816e+20 1.0977275380255812e+21
4.5 -36.0 10: 1.2576291584455535e+21 2.918137790031125e+19
4.5 -36.0 20: -3.1506657354590473e+20 1.7676534421428387e+21
4.5 -36.0 -0.0: 11.631728396567448 1.0973479385674542e+21
4.5 -20.0 0.0: 11.631728396567448 -14672138583687.736
4.5 -20.0 1e-06: -17357786.084319793 -14672138583677.54
4.5 -20.0 0.4: -6691825304154.161 -13069778752643.754
4.5 -20.0 3: 6005324826090.721 14079174367047.658
4.5 -20.0 10: 17214245235093.244 -14287099427114.201
4.5 -20.0 20: 39896106624331.24 35627171332898.34
4.5 -20.0 -0.0: 11.631728396567448 14672138583687.736
4.5 -9.0 0.0: 11.631728396567448 -12444025.972183872
4.5 -9.0 1e-06: -6.089716153034345 -12444025.972171566
4.5 -9.0 0.4: -6737019.8829060085 -10521976.577827595
4.5 -9.0 3: 13594474.919512102 7234473.958744492
4.5 -9.0 10: -31436066.647184033 -51893918.97106536
4.5 -9.0 20: 308802066.0176822 -210065259.45902783
4.5 -9.0 -0.0: 11.631728396567448 12444025.972183872
4.5 -3.0 0.0: 11.631728396567448 -396.0408448238825
4.5 -3.0 1e-06: 11.630789088965347 -396.04084482286487
4.5 -3.0 0.4: -322.02669878336155 -241.0297557752899
4.5 -3.0 3: 229.91069820093554 -1761.2501559355253
4.5 -3.0 10: -52215.56064175088 39657.97342163308
4.5 -3.0 20: -9785.476361805328 -723525.6420586157
4.5 -3.0 -0.0: 11.631728396567448 396.0408448238825
4.5 -0.5 0.0: 11.631728396567448 -0.01482607823767192
4.5 -0.5 1e-06: 11.6317282508397 -0.01482607823708901
4.5 -0.5 0.4: 11.64184258857528 0.04390000113153867
4.5 -0.5 3: -13.964717583934155 37.77381968552884
4.5 -0.5 10: -176.90188445679075 5003.857604008303
4.5 -0.5 20: -25536.89692378603 -52526.06317959046
4.5 -0.5 -0.0: 11.631728396567448 0.01482607823767192
4.5 0.0 1e-06: 11.631728396567448 -1.571347116987535e-28
4.5 0.0 0.4: 11.6285072739218 -0.0015882219110650735
4.5 0.0 3: 14.89258191796044 27.98756284625815
4.5 0.0 10: 439.29715599560535 3046.3276015070287
4.5 0.0 20: -18286.84715313646 -30475.797483170743
4.5 1.0 0.0: 11.532481914301135 0.0
4.5 1.0 1e-06: 11.532481914301595 -3.678794411712737e-07
4.5 1.0 0.4: 11.607531081709238 -0.13616203516018427
4.5 1.0 3: 27.23287399722972 1.2414100455629908
4.5 1.0 10: 566.4517196929659 1052.2457595315516
4.5 1.0 20: -8691.391527596239 -9999.468796157124
4.5 4.0 0.0: 6.2130437191475325 0.0
4.5 4.0 1e-06: 6.213043719147386 -2.344401777758054e-06
4.5 4.0 0.4: 6.1891236175338005 -0.9428373662386458
4.5 4.0 3: 3.061410076016724 -8.842890311972644
4.5 4.0 10: 82.84818913617823 10.851964667992947
4.5 4.0 20: -679.5305968430436 -243.29983580112437
4.5 4.5 0.0: 5.086254600275427 0.0
4.5 4.5 1e-06: 5.086254600275188 -2.147428089676924e-06
4.5 4.5 0.4: 5.047662451816747 -0.8617845835568128
4.5 4.5 3: 1.5391243686968052 -7.131649630997891
4.5 4.5 10: 54.637249337946436 -0.41690511606328406
4.5 4.5 20: -432.2124323179669 -115.70762074806244
4.5 12.0 0.0: 0.05003167948081253 0.0
4.5 12.0 1e-06: 0.05003167948079951 -3.677905601898377e-08
4.5 12.0 0.4: 0.047959274658720644 -0.01452484828409423
4.5 12.0 3: -0.03289182060270916 -0.043526762008209235
4.5 12.0 10: 0.014541472613228381 -0.10924685385493654
4.5 12.0 20: -0.2773149633409516 0.29640457068629966
4.5 36.0 0.0: 7.170151400443409e-11 0.0
4.5 36.0 1e-06: 7.170151400440478e-11 -6.493179430069759e-17
4.5 36.0 0.4: 6.706222521148437e-11 -2.5413702626103966e-11
4.5 36.0 3: -6.609502564603893e-11 -2.985190132115959e-11
4.5 36.0 10: -7.622947630747611e-11 -2.7575547460283752e-11
4.5 36.0 20: 9.363305193310682e-11 6.159480693684338e-11
4.5 60.0 0.0: 1.5541905773686612e-20 0.0
4.5 60.0 1e-06: 1.5541905773679715e-20 -1.4650770393275596e-26
4.5 60.0 0.4: 1.445115922263666e-20 -5.722858665645523e-21
4.5 60.0 3: -1.4847055682506213e-20 -4.812747036551815e-21
4.5 60.0 10: -1.6278289860427675e-20 1.120631985935932e-22
4.5 60.0 20: 1.8559852487449193e-20 -7.836910301477645e-22
7.5 -60.0 0.0: 1871.2543057977884 3.7181404412377494e+37
7.5 -60.0 1e-06: 4.1271669937392125e+31 3.718140441235462e+37
7.5 -60.0 0.4: 1.5973925867228493e+37 3.358127219931863e+37
7.5 -60.0 3: -7.012850351868622e+36 -3.683171107430016e+37
7.5 -60.0 10: -4.057003615451369e+37 3.833954340301895e+36
7.5 -60.0 20: -6.88641438692108e+36 -5.242710602023883e+37
7.5 -60.0 -0.0: 1871.2543057977884 -3.7181404412377494e+37
7.5 -36.0 0.0: 1871.2543057977884 4.7517716777499e+25
7.5 -36.0 1e-06: 5.6307676068984816e+19 4.751771677746577e+25
7.5 -36.0 0.4: 2.169808985201156e+25 4.229683515832512e+25
7.5 -36.0 3: -1.948221749053794e+25 -4.45773961481434e+25
7.5 -36.0 10: -4.2299952332020205e+25 4.417151663265464e+25
7.5 -36.0 20: -1.158455153170011e+26 -2.3021807459004197e+25
7.5 -36.0 -0.0: 1871.2543057977884 -4.7517716777499e+25
7.5 -20.0 0.0: 1871.2543057977884 1.037825527390082e+17
7.5 -20.0 1e-06: 138862383599.63132 1.037825527389162e+17
7.5 -20.0 0.4: 5.300298229441932e+16 8.939543092210347e+16
7.5 -20.0 3: -8.531584598861053e+16 -7.277730897556574e+16
7.5 -20.0 10: 1.187109520738356e+17 1.9109521329752928e+17
7.5 -20.0 20: 1.314076870856689e+17 1.116024012185854e+18
7.5 -20.0 -0.0: 1871.2543057977884 -1.037825527390082e+17
7.5 -9.0 0.0: 1871.2543057977884 7288534626.856581
7.5 -9.0 1e-06: 14790.187382455342 7288534626.845456
7.5 -9.0 0.4: 4778105748.320393 5572663842.04715
7.5 -9.0 3: -9246512113.205034 5292827844.515266
7.5 -9.0 10: -2912611955.3357806 -127456050308.754
7.5 -9.0 20: 1968901227302.386 -3099227539085.5293
7.5 -9.0 -0.0: 1871.2543057977884 -7288534626.856581
7.5 -3.0 0.0: 1871.2543057977884 7439.479948265154
7.5 -3.0 1e-06: 1871.279667103045 7439.479948224999
7.5 -3.0 0.4: 9634.820342620684 1679.4608278331614
7.5 -3.0 3: 71634.18137724193 -67355.30825755482
7.5 -3.0 10: -1722652.2333602393 63758913.21699428
7.5 -3.0 20: -5448099870.552047 -1672435819.007666
7.5 -3.0 -0.0: 1871.2543057977884 -7439.479948265154
7.5 -0.5 0.0: 1871.2543057977884 0.001146550930336715
7.5 -0.5 1e-06: 1871.2543058160043 0.0011465509302092034
7.5 -0.5 0.4: 1871.248719935953 0.004735860359854722
7.5 -0.5 3: 2372.3117575824917 665.4479572319469
7.5 -0.5 10: 4384351.012080201 -324309.68547386787
7.5 -0.5 20: -391733973.01166534 225799315.0681731
7.5 -0.5 -0.0: 1871.2543057977884 -0.001146550930336715
7.5 0.0 1e-06: 1871.2543057977884 9.428098734720217e-47
7.5 0.0 0.4: 1871.254247946398 0.00012533405988770168
7.5 0.0 3: 2331.2972891999566 -141.28281430823802
7.5 0.0 10: 2486564.0313542495 -1096278.8337331337
7.5 0.0 20: -213196417.45576844 175033318.16609645
7.5 1.0 0.0: 1871.1988137938602 0.0
7.5 1.0 1e-06: 1871.198813793861 -3.6787944116998614e-07
7.5 1.0 0.4: 1871.3321106901192 -0.05745276482521404
7.5 1.0 3: 1607.4588382572615 -132.20271351394447
7.5 1.0 10: 508451.86423209374 -972749.2281111147
7.5 1.0 20: -54845657.28813508 88318884.72133026
7.5 4.0 0.0: 1728.6323612005895 0.0
7.5 4.0 1e-06: 1728.6323612006365 -0.00015004171377651078
7.5 4.0 0.4: 1736.185026004388 -60.04235795794477
7.5 4.0 3: 2358.5999248220323 -498.2968972587445
7.5 4.0 10: -102439.01672478579 -24258.024476462226
7.5 4.0 20: 2394509.2322485093 5639129.240952929
7.5 4.5 0.0: 1642.0583097216024 0.0
7.5 4.5 1e-06: 1642.0583097216459 -0.0001956843846718097
7.5 4.5 0.4: 1649.0573402578125 -78.53356661244686
7.5 4.5 3: 2184.769480500427 -767.4476603479909
7.5 4.5 10: -74003.93000266056 2168.4582803953676
7.5 4.5 20: 2041443.9633211258 3289638.263852449
7.5 12.0 0.0: 121.80646670320155 0.0
7.5 12.0 1e-06: 121.806466703187 -6.355420880080726e-05
7.5 12.0 0.4: 119.47796485039234 -25.309754401912556
7.5 12.0 3: -1.8490845408090957 -141.03119988310092
7.5 12.0 10: 437.2970625262825 221.72959999593235
7.5 12.0 20: 2940.9625587011387 -4571.889909320973
7.5 36.0 0.0: 3.67154543041338e-06 0.0
7.5 36.0 1e-06: 3.671545430412139e-06 -3.0294577948934205e-12
7.5 36.0 0.4: 3.474679129000731e-06 -1.190357395358641e-06
7.5 36.0 3: -2.9502311412488705e-06 -2.3139983099207726e-06
7.5 36.0 10: -1.948588857086829e-06 -4.1706577890766775e-06
7.5 36.0 20: -3.94598976499133e-06 7.386216323348722e-06
7.5 60.0 0.0: 3.5413206387356185e-15 0.0
7.5 60.0 1e-06: 3.5413206387342076e-15 -3.1645664049475776e-21
7.5 60.0 0.4: 3.317948218113426e-15 -1.2392174658241856e-15
7.5 60.0 3: -3.1973030469232886e-15 -1.5860995538559185e-15
7.5 60.0 10: -3.423629172662412e-15 -1.7795745389941367e-15
7.5 60.0 20: 3.0393010999559458e-15 3.878988361215843e-15
8 -60.0 0.0: -2.8583054748501813e+38 0.0
8 -60.0 1e-06: -2.8583054748483963e+38 3.1968898067537704e+32
8 -60.0 0.4: -2.57741184781821e+38 1.2367195447795292e+38
8 -60.0 3: 2.8186677498630995e+38 -6.110185802023575e+37
8 -60.0 10: -5.583311661653781e+37 -3.1049655339528044e+38
8 -60.0 20: 3.997392390593351e+38 -1.20848166724048e+38
8 -60.0 -0.0: -2.8583054748501813e+38 0.0
8 -36.0 0.0: -2.8173746963782952e+26 0.0
8 -36.0 1e-06: -2.8173746963762773e+26 3.3784605641390706e+20
8 -36.0 0.4: -2.500571572172811e+26 1.3007360005075646e+26
8 -36.0 3: 2.5963328475637864e+26 -1.2684006663264287e+26
8 -36.0 10: -2.9963606989205857e+26 -2.164677999313259e+26
8 -36.0 20: -4.649295111578663e+25 -7.491824522987627e+26
8 -36.0 -0.0: -2.8173746963782952e+26 0.0
8 -20.0 0.0: -4.5537981729354554e+17 0.0
8 -20.0 1e-06: -4.5537981729312634e+17 621011450124.3447
8 -20.0 0.4: -3.89880194287874e+17 2.366133880195951e+17
8 -20.0 3: 2.914546148065501e+17 -3.9998563231730496e+17
8 -20.0 10: -7.333699014411927e+17 7.460461005077295e+17
8 -20.0 20: -5.126069891084538e+18 2.929136945633028e+18
8 -20.0 -0.0: -4.5537981729354554e+17 0.0
8 -9.0 0.0: -21178949430.664505 0.0
8 -9.0 1e-06: -21178949430.630054 38756.799229971446
8 -9.0 0.4: -15877903427.327599 14259731242.2895
8 -9.0 3: -20161803931.853985 -24611051159.652023
8 -9.0 10: 410022993793.87354 -201311390350.91016
8 -9.0 20: 16979094492738.484 -408801357223.2987
8 -9.0 -0.0: -21178949430.664505 0.0
8 -3.0 0.0: -7230.79329234756 0.0
8 -3.0 1e-06: -7230.7932922743485 0.04392706925093578
8 -3.0 0.4: 3136.9282702435976 13021.69262015525
8 -3.0 3: 180816.19151120528 73980.37700731067
8 -3.0 10: -160958347.9491929 119601011.00533843
8 -3.0 20: -10680221750.89677 -23022686969.36094
8 -3.0 -0.0: -7230.79329234756 0.0
8 -0.5 0.0: 5039.999237546091 0.0
8 -0.5 1e-06: 5039.999237546091 1.2880634926921836e-08
8 -0.5 0.4: 5039.995238474445 -0.0027756852404586447
8 -0.5 3: 4760.349144451609 1343.1390490511624
8 -0.5 10: 10338576.704452174 8729706.15173044
8 -0.5 20: -1943716733.514512 -499864019.9177789
8 -0.5 -0.0: 5039.999237546091 0.0
8 0.0 1e-06: 5040.0 -4.928373930765661e-47
8 0.0 0.4: 5039.999923264892 2.849589818018543e-05
8 0.0 3: 5740.401066709833 354.63445026761434
8 0.0 10: 7903549.109611929 2729090.8510990404
8 0.0 20: -1221431542.8373725 -90959827.32677838
8 1.0 0.0: 5039.94834404876 0.0
8 1.0 1e-06: 5039.948344048761 -3.678794411696642e-07
8 1.0 0.4: 5040.084188311126 -0.040550255040304704
8 1.0 3: 4802.910479743137 -430.1563490273862
8 1.0 10: 3127801.4898724793 -1309780.870456018
8 1.0 20: -444536344.50239533 127338451.41954584
8 4.0 0.0: 4782.28657640405 0.0
8 4.0 1e-06: 4782.286576404162 -0.00030008342755301456
8 4.0 0.4: 4800.40224193378 -119.63086572938263
8 4.0 3: 6279.446308009381 -695.4176720224539
8 4.0 10: -245329.7645856137 -238372.9186128107
8 4.0 20: -7083790.592637945 26681004.49625161
8 4.5 0.0: 4603.604182897326 0.0
8 4.5 1e-06: 4603.604182897441 -0.00041510926612125463
8 4.5 0.4: 4622.165121444622 -166.20958629919522
8 4.5 3: 6086.629363777092 -1399.6801736508176
8 4.5 10: -215303.8143966488 -114085.69335120692
8 4.5 20: -1635723.9275936533 17424773.306761753
8 12.0 0.0: 451.10266407448626 0.0
8 12.0 1e-06: 451.1026640744404 -0.00022015823735567998
8 12.0 0.4: 443.7649002110604 -87.76920752711807
8 12.0 3: 46.136877931926556 -524.5113604128505
8 12.0 10: 1410.3628821868929 1401.0426949807884
8 12.0 20: 23127.62688977931 -12848.16057966052
8 36.0 0.0: 2.23918807387175e-05 0.0
8 36.0 1e-06: 2.2391880738710183e-05 -1.8176746769360592e-11
8 36.0 0.4: 2.1230334742443544e-05 -7.146547664870341e-06
8 36.0 3: -1.744149601835212e-05 -1.4844247047818416e-05
8 36.0 10: -8.613558970005177e-06 -2.7227918992082867e-05
8 36.0 20: -3.6524518182779676e-05 4.0264896744167095e-05
8 60.0 0.0: 2.7683915600145618e-14 0.0
8 60.0 1e-06: 2.768391560013479e-14 -2.451262596865895e-20
8 60.0 0.4: 2.5969502265566925e-14 -9.602791507730165e-15
8 60.0 3: -2.469837594211354e-14 -1.3014955570271698e-14
8 60.0 10: -2.5719327221174782e-14 -1.6135639523550733e-14
8 60.0 20: 1.9173506589070936e-14 3.454422218916072e-14
