# Kambe integral I_n(z, eta) = int_eta^inf t^n exp(-z^2 t^2 / 2 + 1 / (2 t^2)) dt:
# `n re(z) im(z) eta: re im`. Generated with mpmath 1.3.0 at 40 digits by tanh-sinh
# quadrature, confirmed by Gauss-Legendre quadrature to 1e-15;
# values below 1e-30 are omitted. Subdivided on the decay scale 1 / max(|z|^2 eta, eta^-3) of the integrand at eta.
# orders [-14, -11, -8, -5, -4, -3, -2, -1, 0, 1, 4, 7]; z [(0.3, 0.1), (1.2, 0.0), (2.5, 0.4), (4.0, -0.5)]; eta [0.5, 1.0, 1.7, 3.0]
-14 0.3 0.1 0.5: 3613.559467046979 -30.93901858385471
-14 0.3 0.1 1.0: 0.11333910290006644 -0.003975197501053846
-14 0.3 0.1 1.7: 7.836347862088836e-05 -7.994385153399266e-06
-14 0.3 0.1 3.0: 3.1521953695586306e-08 -1.0258072186311823e-08
-14 1.2 0.0 0.5: 2977.4427289797663 0.0
-14 1.2 0.0 1.0: 0.05165224891784281 0.0
-14 1.2 0.0 1.7: 8.334952602945504e-06 0.0
-14 1.2 0.0 3.0: 3.758835062128407e-11 0.0
-14 2.5 0.4 0.5: 1482.3214406781685 -427.72908576158176
-14 2.5 0.4 1.0: 0.0017036013293735268 -0.003374065325882776
-14 2.5 0.4 1.7: -5.532465006932397e-09 -3.8143130452877585e-10
-14 2.5 0.4 3.0: -1.1402339194711283e-20 -1.958916960415421e-21
-14 4.0 -0.5 0.5: 342.07564366201666 210.72863410052452
-14 4.0 -0.5 1.0: -1.0767319712790856e-05 1.7081389292010897e-05
-14 4.0 -0.5 1.7: 2.42568289860612e-15 -7.841169316402504e-16
-11 0.3 0.1 0.5: 555.1681957661629 -4.925738267550691
-11 0.3 0.1 1.0: 0.14466044985460957 -0.005326926304431486
-11 0.3 0.1 1.7: 0.0004937437113659113 -5.2952501426267346e-05
-11 0.3 0.1 3.0: 1.074884577247743e-06 -3.6651376532044184e-07
-11 1.2 0.0 0.5: 454.38789864920153 0.0
-11 1.2 0.0 1.0: 0.06383982377410999 0.0
-11 1.2 0.0 1.7: 4.883810035732177e-05 0.0
-11 1.2 0.0 3.0: 1.1359407934731117e-09 0.0
-11 2.5 0.4 0.5: 221.431302601365 -65.60152140080345
-11 2.5 0.4 1.0: 0.001910518421097155 -0.00395157974147521
-11 2.5 0.4 1.7: -2.98035851837621e-08 -1.534951273862695e-09
-11 2.5 0.4 3.0: -3.210904592363294e-19 -5.1690123537977216e-20
-11 4.0 -0.5 0.5: 49.497382078151325 31.132821461131662
-11 4.0 -0.5 1.0: -1.2117007595183511e-05 1.8657943397996347e-05
-11 4.0 -0.5 1.7: 1.253819192356234e-14 -3.924935583330965e-15
-8 0.3 0.1 0.5: 90.47057328587528 -0.8569751637872857
-8 0.3 0.1 1.0: 0.20023715196710312 -0.008098835892814312
-8 0.3 0.1 1.7: 0.003375668484639419 -0.0003975078213390383
-8 0.3 0.1 3.0: 3.914833461441819e-05 -1.446784641666751e-05
-8 1.2 0.0 0.5: 73.13248767051535 0.0
-8 1.2 0.0 1.0: 0.08332085852955826 0.0
-8 1.2 0.0 1.7: 0.0002961404809346468 0.0
-8 1.2 0.0 3.0: 3.4778348386105186e-08 0.0
-8 2.5 0.4 0.5: 34.37972145353787 -10.60622056359419
-8 2.5 0.4 1.0: 0.0021613535547925994 -0.004749635759922584
-8 2.5 0.4 1.7: -1.6181788853323645e-07 -4.985674340457893e-09
-8 2.5 0.4 3.0: -9.055666893604913e-18 -1.3523628838007946e-18
-8 4.0 -0.5 0.5: 7.333526627484465 4.74816844860776
-8 4.0 -0.5 1.0: -1.381246412036598e-05 2.0528301220078734e-05
-8 4.0 -0.5 1.7: 6.49625380227527e-14 -1.9612930881428564e-14
-5 0.3 0.1 0.5: 16.524518017179126 -0.18642451771656646
-5 0.3 0.1 1.0: 0.32650303774720224 -0.01689455726923867
-5 0.3 0.1 1.7: 0.026975194501890346 -0.0039454810638093925
-5 0.3 0.1 3.0: 0.0015874912466632655 -0.0006865857237593399
-5 1.2 0.0 0.5: 12.937639756650112 0.0
-5 1.2 0.0 1.0: 0.11877688742455152 0.0
-5 1.2 0.0 1.7: 0.0018850557215086996 0.0
-5 1.2 0.0 3.0: 1.081998425660675e-06 0.0
-5 2.5 0.4 0.5: 5.661077701186522 -1.8701281643673884
-5 2.5 0.4 1.0: 0.0024591497862238507 -0.005908400706892231
-5 2.5 0.4 1.7: -8.86529851906365e-07 -5.285167689271524e-09
-5 2.5 0.4 3.0: -2.5580598665681413e-16 -3.498721087778313e-17
-5 4.0 -0.5 0.5: 1.1215666625468714 0.7576182914826443
-5 4.0 -0.5 1.0: -1.5989993504679505e-05 2.2772816332210086e-05
-5 4.0 -0.5 1.7: 3.3744591277472696e-13 -9.777682198044222e-14
-4 0.3 0.1 0.5: 9.867935014647015 -0.12989629684650938
-4 0.3 0.1 1.0: 0.4133260497574502 -0.025649239547135622
-4 0.3 0.1 1.7: 0.05740454778766222 -0.009619446554328202
-4 0.3 0.1 3.0: 0.005648758237611578 -0.002659622632200109
-4 1.2 0.0 0.5: 7.532952813323423 0.0
-4 1.2 0.0 1.0: 0.13772315937528137 0.0
-4 1.2 0.0 1.7: 0.0035443471430555607 0.0
-4 1.2 0.0 3.0: 3.4174462451077646e-06 0.0
-4 2.5 0.4 0.5: 3.161786978026285 -1.0803749516574803
-4 2.5 0.4 1.0: 0.0025667434549000753 -0.006415519502229528
-4 2.5 0.4 1.7: -1.5663236923019957e-06 5.4003236731482815e-09
-4 2.5 0.4 3.0: -7.793558496538272e-16 -1.0315581401181684e-16
-4 4.0 -0.5 0.5: 0.6051950977266398 0.41649894720395464
-4 4.0 -0.5 1.0: -1.6856306629880252e-05 2.3621711235285476e-05
-4 4.0 -0.5 1.7: 5.847650409173173e-13 -1.6692198757252183e-13
-3 0.3 0.1 0.5: 6.210375349131174 -0.11263499793002238
-3 0.3 0.1 1.0: 0.5596778228606701 -0.04635492196723724
-3 0.3 0.1 1.7: 0.12839122712688347 -0.026057328159765053
-3 0.3 0.1 3.0: 0.02055576375752558 -0.01080858158649438
-3 1.2 0.0 0.5: 4.5183572976916455 0.0
-3 1.2 0.0 1.0: 0.16303792676122655 0.0
-3 1.2 0.0 1.7: 0.006724547431220052 0.0
-3 1.2 0.0 3.0: 1.0819818845352065e-05 0.0
-3 2.5 0.4 0.5: 1.7881375792544425 -0.6373649662951123
-3 2.5 0.4 1.0: 0.002675792218421934 -0.007005691929269914
-3 2.5 0.4 1.7: -2.7707050611852965e-06 3.7432285635932506e-08
-3 2.5 0.4 3.0: -2.3748937920785447e-15 -3.0358122678697843e-16
-3 4.0 -0.5 0.5: 0.32832257654383273 0.23091313652857048
-3 4.0 -0.5 1.0: -1.78087762239928e-05 2.4528531232064116e-05
-3 4.0 -0.5 1.7: 1.013669868448468e-12 -2.8485314551619307e-13
-2 0.3 0.1 0.5: 4.315312140331955 -0.15091966705134324
-2 0.3 0.1 1.0: 0.8406264413539136 -0.10715229355239567
-2 0.3 0.1 1.7: 0.30677440448701027 -0.08084140436419489
-2 0.3 0.1 3.0: 0.07666419829881138 -0.04653475149463393
-2 1.2 0.0 0.5: 2.8278493223497434 0.0
-2 1.2 0.0 1.0: 0.19803750128481346 0.0
-2 1.2 0.0 1.7: 0.012891466557238624 0.0
-2 1.2 0.0 3.0: 3.4345439320735813e-05 0.0
-2 2.5 0.4 0.5: 1.0266327384817164 -0.38600160303279557
-2 2.5 0.4 1.0: 0.0027828056645884313 -0.00769829596241494
-2 2.5 0.4 1.7: -4.907309978195172e-06 1.1919187140514054e-07
-2 2.5 0.4 3.0: -7.238313330119719e-15 -8.9157856877575e-16
-2 4.0 -0.5 0.5: 0.17919176445111668 0.1292793735601174
-2 4.0 -0.5 1.0: -1.8859413533925646e-05 2.549848174445842e-05
-2 4.0 -0.5 1.7: 1.7577352409317381e-12 -4.858917284824582e-13
-1 0.3 0.1 0.5: 3.681730070023062 -0.3584155750746945
-1 0.3 0.1 1.0: 1.472556031544938 -0.3283006528331652
-1 0.3 0.1 1.7: 0.7966282346374273 -0.29338096082501014
-1 0.3 0.1 3.0: 0.2929151556136381 -0.21411622356020887
-1 1.2 0.0 0.5: 1.8840829496533409 0.0
-1 1.2 0.0 1.0: 0.24837920626074578 0.0
-1 1.2 0.0 1.7: 0.025012583486150063 0.0
-1 1.2 0.0 3.0: 0.00010933172062316005 0.0
-1 2.5 0.4 0.5: 0.6002532059534408 -0.24156094163846703
-1 2.5 0.4 1.0: 0.00288204020230627 -0.008518405939290444
-1 2.5 0.4 1.7: -8.702930128446624e-06 3.1204342535975677e-07
-1 2.5 0.4 3.0: -2.2065657117154816e-14 -2.6123972697546648e-15
-1 4.0 -0.5 0.5: 0.09845910485109892 0.07320434350672905
-1 4.0 -0.5 1.0: -2.00223366693012e-05 2.653725388879964e-05
-1 4.0 -0.5 1.7: 3.048991248040562e-12 -8.284150041296505e-13
0 0.3 0.1 0.5: 4.605774899602935 -1.3157813471115625
0 0.3 0.1 1.0: 3.146988361777276 -1.2941607518096923
0 0.3 0.1 1.7: 2.270892107964261 -1.2467329981274191
0 0.3 0.1 3.0: 1.1387170294502154 -1.0587882496802308
0 1.2 0.0 0.5: 1.3770241417319031 0.0
0 1.2 0.0 1.0: 0.3241375953488776 0.0
0 1.2 0.0 1.7: 0.04921044907396815 0.0
0 1.2 0.0 3.0: 0.0003491076776911821 0.0
0 2.5 0.4 0.5: 0.3587362343946181 -0.1574424998215859
0 2.5 0.4 1.0: 0.0029642216387616477 -0.009498756017073423
0 2.5 0.4 1.7: -1.5455431517067094e-05 7.463348064330623e-07
0 2.5 0.4 3.0: -6.72797183866178e-14 -7.634600764971868e-15
0 4.0 -0.5 0.5: 0.054506898216031004 0.04200238411322146
0 4.0 -0.5 1.0: -2.131420885653305e-05 2.7651044178810245e-05
0 4.0 -0.5 1.7: 5.290647532594791e-12 -1.4116361693926907e-12
1 0.3 0.1 0.5: 9.18623537255454 -6.167563915856885
1 0.3 0.1 1.0: 8.182506040989061 -6.151381650372207
1 0.3 0.1 1.7: 7.019863807049377 -6.085532994470765
1 0.3 0.1 3.0: 4.406568690400546 -5.628859710503214
1 1.2 0.0 0.5: 1.1482646890221584 0.0
1 1.2 0.0 1.0: 0.4440839383342028 0.0
1 1.2 0.0 1.7: 0.09839132999469033 0.0
1 1.2 0.0 3.0: 0.0011184819482486705 0.0
1 2.5 0.4 0.5: 0.22006928266875356 -0.10782234055002358
1 2.5 0.4 1.0: 0.0030145265313399447 -0.010682456069705795
1 2.5 0.4 1.7: -2.7486243544820325e-05 1.6954349143860727e-06
1 2.5 0.4 3.0: -2.0518272559907682e-13 -2.224591740872987e-14
1 4.0 -0.5 0.5: 0.030427174508898265 0.024472361926896228
1 4.0 -0.5 1.0: -2.2754780744032318e-05 2.8846560000885336e-05
1 4.0 -0.5 1.7: 9.183657691775373e-12 -2.4040165753529934e-12
4 0.3 0.1 0.5: -33.415550480953534 -1204.5937231510745
4 0.3 0.1 1.0: -33.83518308305844 -1204.5853101295313
4 0.3 0.1 1.7: -36.94113596762701 -1204.3875831984815
4 0.3 0.1 3.0: -74.25120768499515 -1196.9583514641997
4 1.2 0.0 0.5: 1.9450867524387097 0.0
4 1.2 0.0 1.0: 1.6756971488441423 0.0
4 1.2 0.0 1.7: 0.8897186096972197 0.0
4 1.2 0.0 3.0: 0.03765230669745478 0.0
4 2.5 0.4 0.5: 0.06170439841736317 -0.05049819818594398
4 2.5 0.4 1.0: 0.002660413828294486 -0.016130568299088537
4 2.5 0.4 1.7: -0.0001560176874984517 1.696269775172697e-05
4 2.5 0.4 3.0: -5.827225170402463e-12 -5.382074814506034e-13
4 4.0 -0.5 0.5: 0.005606762826550002 0.005447618792820863
4 4.0 -0.5 1.0: -2.822787447995468e-05 3.299755160789568e-05
4 4.0 -0.5 1.7: 4.8140020905532724e-11 -1.1822293884758799e-11
7 0.3 0.1 0.5: -406136.83407577436 -261816.12581552117
7 0.3 0.1 1.0: -406137.07252985757 -261816.12033422964
7 0.3 0.1 1.7: -406146.8729416712 -261815.4427005316
7 0.3 0.1 3.0: -406785.78048867726 -261676.316430235
7 1.2 0.0 0.5: 12.634306796488382 0.0
7 1.2 0.0 1.0: 12.491505866432515 0.0
7 1.2 0.0 1.7: 10.327756076145146 0.0
7 1.2 0.0 3.0: 1.3239667205207226 0.0
7 2.5 0.4 0.5: 0.02177546909961158 -0.043812122472974224
7 2.5 0.4 1.0: -0.00029202137427765114 -0.027117020270744453
7 2.5 0.4 1.7: -0.0008986971872591587 0.00015198583769401804
7 2.5 0.4 3.0: -1.6582148288980288e-10 -1.2407626356562116e-11
7 4.0 -0.5 0.5: 0.001128609157443628 0.0015405877420139394
7 4.0 -0.5 1.0: -3.622686914079663e-05 3.8161008506809483e-05
7 4.0 -0.5 1.7: 2.532513284755296e-10 -5.764704562031677e-11
7 4.0 -0.5 3.0: 6.788354263639514e-30 -4.553151534553964e-30
